<?xml version="1.0" encoding="UTF-8"?>
<document version="2.0.0">
  <chunk label="Chunk 1" enabled="true">
    <sensors next_id="1">
      <sensor id="0" label="unknown" type="frame">
        <resolution width="684" height="1024"/>
        <property name="layer_index" value="0"/>
        <bands>
          <band label="Red"/>
          <band label="Green"/>
          <band label="Blue"/>
        </bands>
        <data_type>uint8</data_type>
        <calibration type="frame" class="adjusted">
          <resolution width="684" height="1024"/>
          <f>351.95555610876715</f>
          <cx>-0.35730508066071659</cx>
          <cy>-2.6226650265410241</cy>
          <k1>-0.034059755951035324</k1>
          <k2>0.0098526169527829478</k2>
          <k3>-0.00076560734261662156</k3>
          <p1>6.8291156519016756e-06</p1>
          <p2>-0.0012013912963433437</p2>
        </calibration>
      </sensor>
    </sensors>
    <components next_id="1" active_id="0">
      <component id="0" label="Component 1">
        <region>
          <center>-5.2578657614872775 -1.2144686883948252 -9.6443162095175072</center>
          <size>47.766897094249728 34.047617602348325 23.441671454906466</size>
          <R>-0.98532562020465142 -0.075494789634102458 0.15308154332388246 0.15763867927622191 -0.058604399849244392 0.98575634469901252 -0.065448215899041498 0.99542255402236723 0.069645315558334225</R>
        </region>
        <partition>
          <partition>
            <partition>
              <partition>
                <camera_ids>316 763 1009 1010 1011 1012 1013 1014 1015 1016 1017 1018 1019 1020 1021 1022 1023 1024 1025 1026 1027 1028 1029 1030 1033 1034 1035 1036 1037 1038 1039 1040 1041 1042 1043 1044 1045 1046 1047 1048 1049 1050 1051 1052 1053 1054 1055 1056 1057 1058 1059 1060 1061 1063 1741 1742 1743 1744 1745 1746 1747 1748 1749 1750 1751 1752 1753 1754 1755 1756 1757 1758 1763 1764 1765 1766 1767 1768 1769 1770 1771 1772 1773 1774 1775 1776 1777 1778 1779 1780 1781 1782 1783 1784 1785 1786 1787 1788 1789 1790 1791 1792 1793 1794 1795 1796 1797 1798 1799 1800 1801 1802 1803 1804 2097 2098 2099 2100 2101 2102 2103 2104 2105</camera_ids>
              </partition>
              <partition>
                <camera_ids>1351 1352 1353 1354 1374 1375 1376 1377 1378 1379 1380 1381 1382 1383 1384 1385 1386 1387 1388 1389 1390 1404 1405 1406 1407 1408 1409 1410 1411 1412 1413 1414 1415 1416 1417 1418 2106 2107 2108 2109 2110 2111 2112 2113 2114 2115 2116 2117 2118 2119 2120 2134 2135 2136 2137 2138 2139 2140 2141 2142 2143 2144 2145 2146 2147 2148</camera_ids>
              </partition>
            </partition>
            <partition>
              <partition>
                <camera_ids>984 985 986 987 988 989 2018 2019 2020 2021 2022 2023 2024 2025 2026 2027 2028 2029 2030 2031 2032 2033 2034 2035 2036 2037 2038 2039 2040 2041 2042 2043 2044 2045 2046 2047 2048 2049 2050 2051 2052 2053 2054 2055 2056 2057 2058 2059 2060 2061 2062 2063 2064 2065 2067 2068 2069 2070 2071 2072 2073 2074 2075 2076 2077 2078 2079 2080 2081 2082 2083 2084 2085 2086 2089 2090 2091 2092 2093 2094 2182</camera_ids>
              </partition>
              <partition>
                <camera_ids>363 429 1288 1289 1290 1291 1292 1293 1294 1295 1296 1297 1298 1299 1300 1301 1302 1303 1304 1305 1306 1307 1308 1309 1310 1311 1312 1313 1314 1315 1316 1317 1318 1319 1320 1321 1322 1323 1324 1325 1326 1327 1328 1329 1330 1333 1334 1335 1340 1341 1342 1343 1344 1345 1346 1347 1348 1349 1350 1355 1356 1959 1960 2087 2088</camera_ids>
              </partition>
              <partition>
                <camera_ids>108 109 110 111 112 113 114 115 116 117 118 119 120 121 122 123 124 125 126 127 128 129 130 131 132 133 134 135 145 146 147 148 149 150 151 152 153 154 155 156 157 176 177 178 179 180 181 571 572 573 574 575 576 577 599 600 601 602 603 604 605 606 607 608 609 610 621 622 623 624 625 626 627 628 629 630 631 632 633 634 635 636 637 638 639 640 641 642 643 644 645 1239 1240 1250 1251 1252 1270 1271 1272 1278 1279</camera_ids>
              </partition>
            </partition>
          </partition>
          <partition>
            <partition>
              <partition>
                <camera_ids>10 21 23 24 25 26 27 28 29 30 31 32 33 34 35 36 37 38 39 40 41 42 43 44 45 46 47 48 49 50 698 699 700 701 702 703 704 705 706 707 708 709 710 711 712 713 714 715 716 717 718 719 720 721 722 723 724 725 726 727 728 729 759 765 766 767 768 769 770 771 772 773 774 775 776 777 778 779 938 1064 1065 1066 1067 1068 1069 1070 1071 1072 1073 1074 1075 1076 1077 1078 1079 1080 1081 1082 1083 1084 1088 1089 1090 1091 1092 1093 1094 1118 1119 1120 1121 1122 1123 1124 1125 1126 1127 1128 1129 1130 1131 1132 1133 1134 1135 1136 1137 1138 1139 1140 1141 1142 1143 1144 1145 1805 1806 1807 1808 1809 1810 1811 1812 1813 1814 1815 1816 1817 1818 1819 1820 1821 1822 1823 1824 1848 1849 1850 1851 1852 1853 1854 1855 1856 1858 1859 1860 1861 1862 1863 1864 1865 1866 1867 1868 1869 1870 1871 1872 1873 1874 1875 2159 2160 2161 2162 2163 2164 2165 2166 2167 2168 2169</camera_ids>
              </partition>
              <partition>
                <camera_ids>241 242 243 244 245 246 247 256 257 258 259 260 261 262 263 264 265 266 267 268 269 270 271 272 273 274 275 276 277 278 279 280 281 282 469 470 471 472 473 474 475 476 477 478 479 480 481 482 483 484 485 486 487 488 489 490 491 492 493 494 495 496 497 498 499 500 508 509 510 511 512 513 514 515 1062 1336 1337 1338 1339 1357 1358 1359 1360 1361 1362 1363 1364 1365 1366 1367 1368 1369 1370 1371 1372 1373 2121 2122 2123 2124 2125 2126 2128 2129 2130 2131 2132 2133 2149 2150 2151 2152 2153 2154 2155 2156</camera_ids>
              </partition>
            </partition>
            <partition>
              <partition>
                <camera_ids>182 348 349 350 351 352 353 354 355 356 360 361 362 393 394 395 400 401 402 403 404 405 406 427 1428 1429 1430 1431 1432 1433 1434 1435 1436 1437 1438 1439 1440 1441 1442 1443 1444 1445 1446 1447 1448 1449 1450 1451 1455 1456 1457 1458 1459 2095 2096 2170 2171 2172 2173 2174 2175 2176 2177 2178 2179 2180 2181 2183 2184 2185 2186 2187 2188 2189</camera_ids>
              </partition>
              <partition>
                <camera_ids>0 1 2 3 4 5 6 7 8 317 378 379 380 381 382 383 384 385 386 387 392 428 567 730 731 732 733 734 735 736 737 738 739 740 741 742 743 744 745 746 747 748 749 750 751 752 865 1087 1095 1096 1097 1098 1099 1100 1101 1102 1103 1104 1105 1460 1461 1462 1463 1464 1465 1466 1467 1468 1469 1470 1471 1472 1473 1474 1475 1476 1477 1478 1479 1480 1481 1482 1825 1826 1827 1828 1829 1830 1831 1832 1833 1834 1835 1857 1929 1962 1990</camera_ids>
              </partition>
            </partition>
          </partition>
        </partition>
      </component>
    </components>
    <cameras next_id="2190" next_group_id="0">
      <camera id="1825" sensor_id="0" component_id="0" label="20_DSC0001">
        <transform>-0.85363085607181 0.0091747753756175471 0.52079764310038446 -18.66204406995179 0.018091525756841247 -0.99871935396919287 0.047247737545279014 -1.8220410918224765 0.52056417304487834 0.049754150622485463 0.85237167141918635 -12.453293308717933 0 0 0 1</transform>
      </camera>
      <camera id="1826" sensor_id="0" component_id="0" label="20_DSC0010">
        <transform>-0.84600803794489188 0.0084117713519790971 0.53310378148664062 -18.584215712079452 0.018734949415182129 -0.99878904536915869 0.045491147721017478 -1.743780590572706 0.53284087812689862 0.048473549006513905 0.84482596648284236 -11.442181163241358 0 0 0 1</transform>
      </camera>
      <camera id="1827" sensor_id="0" component_id="0" label="20_DSC0019">
        <transform>-0.84217850342108558 0.0080420962892013108 0.53913884395644707 -18.280418098815257 0.016461046902903884 -0.99903923728570643 0.040615714919890078 -1.6621515738640702 0.5389474949475872 0.043080471804154377 0.84123698839200522 -10.504564644506887 0 0 0 1</transform>
      </camera>
      <camera id="1828" sensor_id="0" component_id="0" label="20_DSC0028">
        <transform>-0.85442983439839915 0.01090822135019999 0.51945227768958713 -18.074330209240042 0.010917566228583642 -0.99918189793842349 0.038940230864932097 -1.6030102605438115 0.51945208136802123 0.038942849653623934 0.85361173236037835 -9.7720102332625292 0 0 0 1</transform>
      </camera>
      <camera id="1829" sensor_id="0" component_id="0" label="20_DSC0037">
        <transform>-0.86207446148579048 0.013834635248461513 0.50659276122100849 -17.847752335199257 0.0093122886495825008 -0.99902609331064862 0.043129411827314855 -1.533638137964501 0.50669606682318979 0.041898302495510076 0.86110604928423506 -8.9704223927473077 0 0 0 1</transform>
      </camera>
      <camera id="1830" sensor_id="0" component_id="0" label="20_DSC0046">
        <transform>-0.85682902109252279 0.014580764943554866 0.51539444109079258 -17.606842128592127 0.011643691129331871 -0.99879795253502812 0.047613805442545225 -1.4570090672033171 0.51546915821464456 0.046797983989661701 0.85562929801637166 -8.0985454962521803 0 0 0 1</transform>
      </camera>
      <camera id="1831" sensor_id="0" component_id="0" label="20_DSC0055">
        <transform>-0.85819076250468651 0.014160814527893806 0.51313554396819083 -17.398828690456664 0.011257811989893951 -0.99885981461031759 0.04639323685454988 -1.3929382054016735 0.51320744034047738 0.045591030790592596 0.85705284614813948 -7.3484636314390519 0 0 0 1</transform>
      </camera>
      <camera id="1832" sensor_id="0" component_id="0" label="20_DSC0064">
        <transform>-0.85931628818692762 0.013086695024243561 0.51127708267629624 -17.271008128205988 0.011054336224266987 -0.99896380258226158 0.044148870665402656 -1.33462942365285 0.51132506148954082 0.043589672443504535 0.85828120214122494 -6.6597185660633622 0 0 0 1</transform>
      </camera>
      <camera id="1833" sensor_id="0" component_id="0" label="20_DSC0073">
        <transform>-0.86183871190060946 0.016511253799724096 0.50691361509379373 -17.104216560602854 0.007974520521606604 -0.998905252899976 0.046094498058711283 -1.2637412808097936 0.50711975083992555 0.043768415858872561 0.86076354713780512 -5.7471334681684505 0 0 0 1</transform>
      </camera>
      <camera id="1834" sensor_id="0" label="20_DSC0082"/>
      <camera id="1835" sensor_id="0" label="20_DSC0091"/>
      <camera id="1836" sensor_id="0" label="20_DSC0100"/>
      <camera id="1837" sensor_id="0" label="20_DSC0109"/>
      <camera id="1838" sensor_id="0" label="20_DSC0118"/>
      <camera id="1839" sensor_id="0" label="20_DSC0127"/>
      <camera id="1840" sensor_id="0" label="20_DSC0136"/>
      <camera id="1841" sensor_id="0" label="20_DSC0145"/>
      <camera id="1842" sensor_id="0" label="20_DSC0154"/>
      <camera id="1843" sensor_id="0" label="20_DSC0163"/>
      <camera id="1844" sensor_id="0" label="20_DSC0172"/>
      <camera id="1845" sensor_id="0" label="20_DSC0181"/>
      <camera id="1846" sensor_id="0" label="20_DSC0190"/>
      <camera id="1847" sensor_id="0" label="20_DSC0199"/>
      <camera id="1848" sensor_id="0" component_id="0" label="20_DSC0208">
        <transform>-0.84265525234234906 0.0098109566616002009 0.53836406903622014 -12.115339303485804 0.022275666764198454 -0.99834286134067884 0.053059644555121924 -1.6638388734497396 0.53799249099784108 0.056703406771460713 0.84104031014598091 -13.779849500073427 0 0 0 1</transform>
      </camera>
      <camera id="1849" sensor_id="0" component_id="0" label="20_DSC0217">
        <transform>-0.82982969513820737 0.0093061075744834548 0.55793913057666189 -11.77197943709524 0.025351099230060278 -0.99819983986893324 0.054354406017028206 -1.5747214356242241 0.55744057874777742 0.05924927043811172 0.82809994874887827 -12.911682648962323 0 0 0 1</transform>
      </camera>
      <camera id="1850" sensor_id="0" component_id="0" label="20_DSC0226">
        <transform>-0.84657081270450751 0.011856440248355166 0.53214404431644857 -11.388156090653583 0.021666130024178006 -0.9981557260586047 0.056707365890112979 -1.4683575093390997 0.5318349724177649 0.059536302883676839 0.84475262103904636 -11.726786137973992 0 0 0 1</transform>
      </camera>
      <camera id="1851" sensor_id="0" component_id="0" label="20_DSC0235">
        <transform>-0.85357706845011971 0.012582358753469546 0.52081462389635191 -11.130919227682767 0.019996294571108408 -0.99818032471594276 0.056887499096029026 -1.364054826588784 0.52058268931988605 0.05897222734621993 0.85177223480358921 -10.741081176338394 0 0 0 1</transform>
      </camera>
      <camera id="1852" sensor_id="0" component_id="0" label="20_DSC0244">
        <transform>-0.84535826493083421 0.014925814919479224 0.53399122086614859 -10.861694560403375 0.022362525230837607 -0.99774458045517589 0.063290359752696215 -1.2841981892157519 0.53373150682569825 0.065444420857053029 0.84311784846500248 -9.7174137786164749 0 0 0 1</transform>
      </camera>
      <camera id="1853" sensor_id="0" component_id="0" label="20_DSC0253">
        <transform>-0.84930609011709146 0.01525436779397029 0.52768027209023582 -10.575175006514455 0.019275133025969837 -0.99801978973762229 0.059874606795398896 -1.1688516192544067 0.52754870347376459 0.061022975634417546 0.84733025551308583 -8.6445421104299189 0 0 0 1</transform>
      </camera>
      <camera id="1854" sensor_id="0" component_id="0" label="20_DSC0262">
        <transform>-0.84486911799524766 0.016388452364619943 0.5347219764391814 -10.291747539690473 0.019751628366203144 -0.99789360033126107 0.061791873209965514 -1.0569418715888761 0.53460831141576481 0.062767675176045923 0.84276578734437169 -7.6746705167808038 0 0 0 1</transform>
      </camera>
      <camera id="1855" sensor_id="0" component_id="0" label="20_DSC0271">
        <transform>-0.84582527593391765 0.03138832397836519 0.53253579758467129 -10.117251378309133 0.0035864903286529082 -0.99791032529673618 0.064514492583335525 -1.2334266138704726 0.53344797279438172 0.056477922978735356 0.8439452023310362 -6.8328606985894345 0 0 0 1</transform>
      </camera>
      <camera id="1856" sensor_id="0" label="20_DSC0280"/>
      <camera id="1857" sensor_id="0" label="20_DSC0289"/>
      <camera id="1858" sensor_id="0" component_id="0" label="20_DSC0298">
        <transform>-0.85154879164634323 0.014007174076457525 0.52408821253682492 -7.3664184821653889 0.015967001738334818 -0.99848643441198215 0.052629793375377869 -0.7863637944155194 0.52403216533065999 0.053184954354015976 0.85003626412596123 -6.1292360415243667 0 0 0 1</transform>
      </camera>
      <camera id="1859" sensor_id="0" component_id="0" label="20_DSC0307">
        <transform>-0.84113194116127887 0.02001270107924092 0.54045957235835018 -7.4692455220077782 0.019177740705536649 -0.99758297562990872 0.066786383303844427 -0.97192418505341283 0.54048984432613412 0.066540953772017769 0.83871510636891544 -7.4892719546679967 0 0 0 1</transform>
      </camera>
      <camera id="1860" sensor_id="0" component_id="0" label="20_DSC0316">
        <transform>-0.8641208642681224 0.017087510057141039 0.50299418379993288 -7.9190696347339129 0.018280498846493264 -0.99769831903208206 0.065298449924029098 -1.0691382915905814 0.50295223957989987 0.065620737580468047 0.86181956551296668 -8.8979610309968589 0 0 0 1</transform>
      </camera>
      <camera id="1861" sensor_id="0" component_id="0" label="20_DSC0325">
        <transform>-0.85679148005025263 0.016009898382374176 0.51541443796917763 -8.1047922698182635 0.020622143204604398 -0.99765451084655332 0.065270239751148859 -1.16768227695408 0.51525050890120039 0.066551935669142734 0.8544517265098972 -9.8952294570898012 0 0 0 1</transform>
      </camera>
      <camera id="1862" sensor_id="0" component_id="0" label="20_DSC0334">
        <transform>-0.85043572765027586 0.012233058879798871 0.52593671235842687 -8.3095959501902517 0.021131493868609311 -0.99812843079038183 0.057385500039745796 -1.2398578657611969 0.52565438560220157 0.059916507895354611 0.84858557551893343 -10.877601414734924 0 0 0 1</transform>
      </camera>
      <camera id="1863" sensor_id="0" component_id="0" label="20_DSC0343">
        <transform>-0.87521106028341666 0.012762628912891899 0.48357286447939768 -8.6480093371122297 0.019098609285903546 -0.99796084396661788 0.060904819454466519 -1.3895922617034602 0.48336408956491822 0.062540140811070566 0.87318261990628832 -12.023322589682522 0 0 0 1</transform>
      </camera>
      <camera id="1864" sensor_id="0" component_id="0" label="20_DSC0352">
        <transform>-0.88182699815750865 0.014262036286985457 0.47135733752798009 -8.8494462548432544 0.015220916529361866 -0.99816095218915302 0.058677399608794728 -1.4585126020517474 0.47132734805071891 0.058917805846727567 0.87998819488313829 -12.799361467640651 0 0 0 1</transform>
      </camera>
      <camera id="1865" sensor_id="0" component_id="0" label="20_DSC0361">
        <transform>-0.84289393468854823 0.011224564666560549 0.5379626604266351 -8.9688415812817404 0.024026306869989661 -0.99800009930822653 0.058468267966134371 -1.5394048962592011 0.53754306938462704 0.062207804404405764 0.84093854569031223 -13.78037359641883 0 0 0 1</transform>
      </camera>
      <camera id="1866" sensor_id="0" component_id="0" label="20_DSC0370">
        <transform>-0.85529929560938744 0.011782420071393971 0.5180002794471702 -9.1512809420357915 0.021951366371278903 -0.99801978902674704 0.058946062001130062 -1.6105986605766136 0.51766905687371267 0.061787339223083493 0.8533469823390788 -14.450393105959998 0 0 0 1</transform>
      </camera>
      <camera id="1867" sensor_id="0" component_id="0" label="20_DSC0379">
        <transform>-0.85528429023818575 0.011811339883729106 0.51802439626132868 -7.4931024021059942 0.025032183393119127 -0.99763101441995261 0.064076117719394976 -1.604050272711893 0.5175540287412862 0.067770578554174732 0.8529624704616825 -14.893388330982745 0 0 0 1</transform>
      </camera>
      <camera id="1868" sensor_id="0" component_id="0" label="20_DSC0388">
        <transform>-0.85414469829617057 0.011921688304202815 0.51989874756583265 -7.4913541856898895 0.020575455168830768 -0.99817964403032022 0.056692582302257974 -1.4881111077273581 0.5196282180724402 0.059120821979065187 0.85234455673241694 -13.606890582907621 0 0 0 1</transform>
      </camera>
      <camera id="1869" sensor_id="0" component_id="0" label="20_DSC0397">
        <transform>-0.87971978309064858 0.013035683056007059 0.47531376395619496 -7.3724051837881088 0.014370885355423357 -0.99843857189410745 0.053980513226127014 -1.4003433977295894 0.47527526854765256 0.054318404996079254 0.87815882958929392 -12.672091914783129 0 0 0 1</transform>
      </camera>
      <camera id="1870" sensor_id="0" component_id="0" label="20_DSC0406">
        <transform>-0.85024479375242401 0.015351516738794365 0.5261635882790805 -7.134871620392806 0.018282198366031521 -0.99811036378285756 0.058663983261935657 -1.2897484848317637 0.52606991162753669 0.059498173443141247 0.84835748092247421 -11.616377285104475 0 0 0 1</transform>
      </camera>
      <camera id="1871" sensor_id="0" component_id="0" label="20_DSC0415">
        <transform>-0.84919827202715026 0.016487085303004516 0.52781670189973617 -6.9285021489168814 0.020609176764362171 -0.99771630431087555 0.064322919284998101 -1.2064330064377922 0.52767182663014955 0.065500779617196012 0.8469191763387709 -10.726451531999508 0 0 0 1</transform>
      </camera>
      <camera id="1872" sensor_id="0" component_id="0" label="20_DSC0424">
        <transform>-0.86270378550022764 0.018686288046401149 0.50536422619990184 -6.7122496509244769 0.01648395264587187 -0.99774700700185281 0.065032217584928678 -1.1022667737628222 0.50544085488684742 0.064433940263589687 0.86045209602473594 -9.5562068214828919 0 0 0 1</transform>
      </camera>
      <camera id="1873" sensor_id="0" component_id="0" label="20_DSC0433">
        <transform>-0.87706202731198857 0.019305476719567068 0.47998906114203632 -6.4943657455508079 0.014331834869047676 -0.99769574605429034 0.06631588659182075 -0.98448938112137552 0.48016330425873832 0.065042269900451172 0.87476437077051028 -8.3333030786335893 0 0 0 1</transform>
      </camera>
      <camera id="1874" sensor_id="0" component_id="0" label="20_DSC0442">
        <transform>-0.84114473917076149 0.018779106802771318 0.54048392474988727 -6.2046501167798525 0.018938607833242683 -0.9977611250980688 0.064140988270951396 -0.88477530427876694 0.54047835932504329 0.064187867940334001 0.83890587118614401 -7.2258271676775658 0 0 0 1</transform>
      </camera>
      <camera id="1875" sensor_id="0" component_id="0" label="20_DSC0451">
        <transform>-0.84728592394445779 0.017751889951861805 0.53084030883941313 -5.9602785050878619 0.015440645052653745 -0.99819566134848869 0.058025926493345176 -0.78967195540284929 0.53091256301385903 0.05736106753007747 0.84548303257124235 -6.2033769910377803 0 0 0 1</transform>
      </camera>
      <camera id="1876" sensor_id="0" label="20_DSC0460"/>
      <camera id="1877" sensor_id="0" label="20_DSC0469"/>
      <camera id="1878" sensor_id="0" label="20_DSC0478"/>
      <camera id="1879" sensor_id="0" label="20_DSC0487"/>
      <camera id="1880" sensor_id="0" label="20_DSC0496"/>
      <camera id="1881" sensor_id="0" label="20_DSC0505"/>
      <camera id="1882" sensor_id="0" label="20_DSC0514"/>
      <camera id="1883" sensor_id="0" label="20_DSC0523"/>
      <camera id="1884" sensor_id="0" label="20_DSC0532"/>
      <camera id="1885" sensor_id="0" label="20_DSC0541"/>
      <camera id="1886" sensor_id="0" label="20_DSC0550"/>
      <camera id="1887" sensor_id="0" label="20_DSC0559"/>
      <camera id="1888" sensor_id="0" label="20_DSC0568"/>
      <camera id="1889" sensor_id="0" label="20_DSC0577"/>
      <camera id="1890" sensor_id="0" label="20_DSC0586"/>
      <camera id="1891" sensor_id="0" label="20_DSC0595"/>
      <camera id="1892" sensor_id="0" label="20_DSC0604"/>
      <camera id="1893" sensor_id="0" label="20_DSC0613"/>
      <camera id="1894" sensor_id="0" label="20_DSC0622"/>
      <camera id="1895" sensor_id="0" label="20_DSC0631"/>
      <camera id="1896" sensor_id="0" label="20_DSC0640"/>
      <camera id="1897" sensor_id="0" label="20_DSC0649"/>
      <camera id="1898" sensor_id="0" label="20_DSC0658"/>
      <camera id="1899" sensor_id="0" label="20_DSC0667"/>
      <camera id="1900" sensor_id="0" label="20_DSC0676"/>
      <camera id="1901" sensor_id="0" label="20_DSC0685"/>
      <camera id="1902" sensor_id="0" label="20_DSC0694"/>
      <camera id="1903" sensor_id="0" label="20_DSC0703"/>
      <camera id="1904" sensor_id="0" label="20_DSC0712"/>
      <camera id="1905" sensor_id="0" label="20_DSC0721"/>
      <camera id="1906" sensor_id="0" label="20_DSC0730"/>
      <camera id="1907" sensor_id="0" label="20_DSC0739"/>
      <camera id="1908" sensor_id="0" label="20_DSC0748"/>
      <camera id="1909" sensor_id="0" label="20_DSC0757"/>
      <camera id="1910" sensor_id="0" label="20_DSC0766"/>
      <camera id="1911" sensor_id="0" label="20_DSC0775"/>
      <camera id="1912" sensor_id="0" label="20_DSC0784"/>
      <camera id="1913" sensor_id="0" label="20_DSC2359"/>
      <camera id="1914" sensor_id="0" label="20_DSC2368"/>
      <camera id="1915" sensor_id="0" label="20_DSC2377"/>
      <camera id="1916" sensor_id="0" label="20_DSC2386"/>
      <camera id="1917" sensor_id="0" label="20_DSC2395"/>
      <camera id="1918" sensor_id="0" label="20_DSC2404"/>
      <camera id="1919" sensor_id="0" label="20_DSC2413"/>
      <camera id="1920" sensor_id="0" label="20_DSC2422"/>
      <camera id="1921" sensor_id="0" label="20_DSC2431"/>
      <camera id="1922" sensor_id="0" label="20_DSC2440"/>
      <camera id="1923" sensor_id="0" label="20_DSC2449"/>
      <camera id="1924" sensor_id="0" label="20_DSC2458"/>
      <camera id="1925" sensor_id="0" label="20_DSC2467"/>
      <camera id="1926" sensor_id="0" label="20_DSC2476"/>
      <camera id="1927" sensor_id="0" label="20_DSC2485"/>
      <camera id="1928" sensor_id="0" label="20_DSC2494"/>
      <camera id="1929" sensor_id="0" label="20_DSC2503"/>
      <camera id="1930" sensor_id="0" label="20_DSC2512"/>
      <camera id="1931" sensor_id="0" label="20_DSC2521"/>
      <camera id="1932" sensor_id="0" label="20_DSC2530"/>
      <camera id="1933" sensor_id="0" label="20_DSC2539"/>
      <camera id="1934" sensor_id="0" label="20_DSC2548"/>
      <camera id="1935" sensor_id="0" label="20_DSC2557"/>
      <camera id="1936" sensor_id="0" label="20_DSC2566"/>
      <camera id="1937" sensor_id="0" label="20_DSC2575"/>
      <camera id="1938" sensor_id="0" label="20_DSC2584"/>
      <camera id="1939" sensor_id="0" label="20_DSC2593"/>
      <camera id="1940" sensor_id="0" label="20_DSC2602"/>
      <camera id="1941" sensor_id="0" label="20_DSC2611"/>
      <camera id="1942" sensor_id="0" label="20_DSC2620"/>
      <camera id="1943" sensor_id="0" label="20_DSC2629"/>
      <camera id="1944" sensor_id="0" label="20_DSC2638"/>
      <camera id="1945" sensor_id="0" label="20_DSC2647"/>
      <camera id="1946" sensor_id="0" label="20_DSC2656"/>
      <camera id="1947" sensor_id="0" label="20_DSC2665"/>
      <camera id="1948" sensor_id="0" label="20_DSC2674"/>
      <camera id="1949" sensor_id="0" label="20_DSC2683"/>
      <camera id="1950" sensor_id="0" label="20_DSC2692"/>
      <camera id="1951" sensor_id="0" label="20_DSC2701"/>
      <camera id="1952" sensor_id="0" label="20_DSC2710"/>
      <camera id="1953" sensor_id="0" label="20_DSC2719"/>
      <camera id="1954" sensor_id="0" label="20_DSC2728"/>
      <camera id="1955" sensor_id="0" label="20_DSC2737"/>
      <camera id="1956" sensor_id="0" label="20_DSC2746"/>
      <camera id="1957" sensor_id="0" label="20_DSC2755"/>
      <camera id="1958" sensor_id="0" label="20_DSC2764"/>
      <camera id="1959" sensor_id="0" label="20_DSC2773"/>
      <camera id="1960" sensor_id="0" label="20_DSC2782"/>
      <camera id="1961" sensor_id="0" label="20_DSC2791"/>
      <camera id="1962" sensor_id="0" label="20_DSC2800"/>
      <camera id="1963" sensor_id="0" label="20_DSC2809"/>
      <camera id="1964" sensor_id="0" label="20_DSC2818"/>
      <camera id="1965" sensor_id="0" label="20_DSC2827"/>
      <camera id="1966" sensor_id="0" label="20_DSC2836"/>
      <camera id="1967" sensor_id="0" label="20_DSC2845"/>
      <camera id="1968" sensor_id="0" label="20_DSC2854"/>
      <camera id="1969" sensor_id="0" label="20_DSC2863"/>
      <camera id="1970" sensor_id="0" label="20_DSC2872"/>
      <camera id="1971" sensor_id="0" label="20_DSC2881"/>
      <camera id="1972" sensor_id="0" label="20_DSC2890"/>
      <camera id="1973" sensor_id="0" label="20_DSC2899"/>
      <camera id="1974" sensor_id="0" label="20_DSC2908"/>
      <camera id="1975" sensor_id="0" label="20_DSC2917"/>
      <camera id="1976" sensor_id="0" label="20_DSC2926"/>
      <camera id="1977" sensor_id="0" label="20_DSC2935"/>
      <camera id="1978" sensor_id="0" label="20_DSC2944"/>
      <camera id="1979" sensor_id="0" label="20_DSC2953"/>
      <camera id="1980" sensor_id="0" label="20_DSC2962"/>
      <camera id="1981" sensor_id="0" label="20_DSC2971"/>
      <camera id="1982" sensor_id="0" label="20_DSC2980"/>
      <camera id="1983" sensor_id="0" label="20_DSC2989"/>
      <camera id="1984" sensor_id="0" label="20_DSC2998"/>
      <camera id="1985" sensor_id="0" label="20_DSC3007"/>
      <camera id="1986" sensor_id="0" label="20_DSC3016"/>
      <camera id="1987" sensor_id="0" label="20_DSC3025"/>
      <camera id="1988" sensor_id="0" label="20_DSC3034"/>
      <camera id="1989" sensor_id="0" label="20_DSC3043"/>
      <camera id="1990" sensor_id="0" label="20_DSC3052"/>
      <camera id="1991" sensor_id="0" label="20_DSC3061"/>
      <camera id="1992" sensor_id="0" label="20_DSC3070"/>
      <camera id="1993" sensor_id="0" label="20_DSC3079"/>
      <camera id="1994" sensor_id="0" label="20_DSC3088"/>
      <camera id="1995" sensor_id="0" label="20_DSC3097"/>
      <camera id="1996" sensor_id="0" label="20_DSC3106"/>
      <camera id="1997" sensor_id="0" label="20_DSC3115"/>
      <camera id="1998" sensor_id="0" label="20_DSC3124"/>
      <camera id="1999" sensor_id="0" label="20_DSC3133"/>
      <camera id="2000" sensor_id="0" label="20_DSC3142"/>
      <camera id="2001" sensor_id="0" label="20_DSC3151"/>
      <camera id="2002" sensor_id="0" label="20_DSC3160"/>
      <camera id="2003" sensor_id="0" label="20_DSC3169"/>
      <camera id="2004" sensor_id="0" label="20_DSC3178"/>
      <camera id="2005" sensor_id="0" label="20_DSC3187"/>
      <camera id="2006" sensor_id="0" label="20_DSC3196"/>
      <camera id="2007" sensor_id="0" label="20_DSC3205"/>
      <camera id="2008" sensor_id="0" label="20_DSC3214"/>
      <camera id="2009" sensor_id="0" label="20_DSC3223"/>
      <camera id="2010" sensor_id="0" label="20_DSC3232"/>
      <camera id="2011" sensor_id="0" label="20_DSC3241"/>
      <camera id="2012" sensor_id="0" label="20_DSC3250"/>
      <camera id="2013" sensor_id="0" label="20_DSC3259"/>
      <camera id="2014" sensor_id="0" label="20_DSC3268"/>
      <camera id="2015" sensor_id="0" label="20_DSC3277"/>
      <camera id="2016" sensor_id="0" label="20_DSC3286"/>
      <camera id="2017" sensor_id="0" label="20_DSC3295"/>
      <camera id="2018" sensor_id="0" component_id="0" label="20_DSC3304">
        <transform>0.86181989373189238 0.051077208296828464 -0.50463609617282856 9.8194497892118875 -0.019689420236023908 -0.99079785230206863 -0.1339102035110713 0.06076854872759508 -0.50683211963994479 0.12534246952334055 -0.85288361916211697 -3.8427650713517623 0 0 0 1</transform>
      </camera>
      <camera id="2019" sensor_id="0" component_id="0" label="20_DSC3313">
        <transform>0.85764176975666184 0.051015303516904378 -0.51171088866247427 9.6382062289724271 -0.020227377954610465 -0.99095049619492059 -0.13269501600331968 -0.015923777493971083 -0.51384963554501295 0.12415535791144099 -0.84884863147214862 -4.607145642781358 0 0 0 1</transform>
      </camera>
      <camera id="2020" sensor_id="0" component_id="0" label="20_DSC3322">
        <transform>0.86136865686037811 0.050761457312251734 -0.50543774238780748 9.4534958074873963 -0.019656174972586031 -0.99091885265888391 -0.1330167742453896 -0.095864160294063153 -0.50759991308509333 0.12451145287377532 -0.85254866508561711 -5.3880367121706545 0 0 0 1</transform>
      </camera>
      <camera id="2021" sensor_id="0" component_id="0" label="20_DSC3331">
        <transform>0.8582993226079455 0.052029315689232691 -0.51050487080893969 9.4485854081773795 -0.02299527276165142 -0.9899473901815905 -0.13955422638986686 -0.19887763372009254 -0.51263387543290517 0.13151849672790172 -0.84847474610448703 -6.436712368169947 0 0 0 1</transform>
      </camera>
      <camera id="2022" sensor_id="0" component_id="0" label="20_DSC3340">
        <transform>0.84377044547742319 0.060040504476284604 -0.53333532900143144 8.7533960182116921 -0.022300929807550135 -0.98894262912228881 -0.14661222607413871 -0.36286237794183829 -0.53624071448235844 0.13560093704295983 -0.8331016036501917 -7.8409053550799648 0 0 0 1</transform>
      </camera>
      <camera id="2023" sensor_id="0" component_id="0" label="20_DSC3349">
        <transform>0.84771231698976501 0.060368647475739695 -0.52700991833721234 8.3539000925411671 -0.018500457527392388 -0.98953399620779336 -0.14310906127953929 -0.49752458674205091 -0.53013353100433336 0.13106523853021998 -0.83772330906683845 -9.0122068446310397 0 0 0 1</transform>
      </camera>
      <camera id="2024" sensor_id="0" component_id="0" label="20_DSC3358">
        <transform>0.85569305379853511 0.056808109080697999 -0.51435613773300348 8.0527144331841214 -0.017346683208115915 -0.99024873462006024 -0.13822639460337108 -0.60448552160364433 -0.51719289463662776 0.12720173869112444 -0.84636353147529964 -10.05909669474951 0 0 0 1</transform>
      </camera>
      <camera id="2025" sensor_id="0" component_id="0" label="20_DSC3367">
        <transform>0.86850454486590145 0.055635481106363821 -0.49254903186316051 7.7397956259670311 -0.013465063533405985 -0.99066632016269895 -0.13564267086480714 -0.73555426879327845 -0.49549828214769287 0.1244384801311897 -0.859649066219073 -11.146720110244594 0 0 0 1</transform>
      </camera>
      <camera id="2026" sensor_id="0" component_id="0" label="20_DSC3376">
        <transform>0.85909377907007556 0.055771929959010084 -0.50877044980201303 7.4271359151816734 -0.013568835507304686 -0.99121404172965732 -0.13156979205324038 -0.84053093904488896 -0.51163831508798396 0.1199342124108233 -0.85078905683331629 -12.233242266870423 0 0 0 1</transform>
      </camera>
      <camera id="2027" sensor_id="0" component_id="0" label="20_DSC3385">
        <transform>0.85067277897151405 0.057461277851480905 -0.52254571538245143 7.1376714688056451 -0.013728035803383699 -0.99124108391892196 -0.13134936080629553 -0.93895744778721557 -0.5255162834297944 0.11890885206289796 -0.84243297700839126 -13.179510502659436 0 0 0 1</transform>
      </camera>
      <camera id="2028" sensor_id="0" component_id="0" label="20_DSC3394">
        <transform>0.85953500185217202 0.058271419987317469 -0.50774405186437122 6.8598458524884398 -0.012064747474769391 -0.99088847512548539 -0.13414347442891522 -1.0673913339447112 -0.5109344600429272 0.12142681530927352 -0.8510002973351366 -14.191925458965766 0 0 0 1</transform>
      </camera>
      <camera id="2029" sensor_id="0" component_id="0" label="20_DSC3403">
        <transform>0.86525672944384968 0.059270409624974651 -0.49781302784782538 6.5331384537118975 -0.01387883245583138 -0.98977407658425465 -0.1419670924244385 -1.191065962860107 -0.50113687767095638 0.12974704568765227 -0.85558607630882566 -15.344471825392718 0 0 0 1</transform>
      </camera>
      <camera id="2030" sensor_id="0" component_id="0" label="20_DSC3412">
        <transform>0.85419794512607528 0.060353872951174004 -0.51643322952941761 6.2075837760481853 -0.015287765075674697 -0.98989549032442281 -0.14097234648810461 -1.3238281702904333 -0.51972315205441955 0.12831339858005766 -0.84464401789360566 -16.528027321489024 0 0 0 1</transform>
      </camera>
      <camera id="2031" sensor_id="0" component_id="0" label="20_DSC3421">
        <transform>0.85959863572283768 0.059040222197800682 -0.50754747327345562 5.8998418757862865 -0.010490876544773778 -0.99105359690689931 -0.1330515297440038 -1.4514981028187897 -0.5108621408685099 0.11969553133150596 -0.85128893614712919 -17.679241815253302 0 0 0 1</transform>
      </camera>
      <camera id="2032" sensor_id="0" component_id="0" label="20_DSC3430">
        <transform>0.85927682274516415 0.058392323922382361 -0.50816697885627993 5.9087249485866415 -0.010983995484106779 -0.99112729976332692 -0.13246141893797528 -1.4547856433288933 -0.51139289566455715 0.1194027310022691 -0.85101133605435553 -17.681952310812001 0 0 0 1</transform>
      </camera>
      <camera id="2033" sensor_id="0" label="20_DSC3439"/>
      <camera id="2034" sensor_id="0" component_id="0" label="20_DSC3448">
        <transform>0.83572962178639665 0.058196942504808183 -0.54604863808259685 4.3309302595348553 -0.019851234377180185 -0.99051679709424467 -0.13595000245627459 -1.5452257285770039 -0.54878222252772457 0.1244571836305596 -0.82664894706294756 -18.493162530013826 0 0 0 1</transform>
      </camera>
      <camera id="2035" sensor_id="0" component_id="0" label="20_DSC3457">
        <transform>0.85943778809692806 0.050772975197845398 -0.50871287911809271 4.8777102247152362 -0.020105156709601196 -0.99092982443559985 -0.13286785057986528 -1.4293146716696705 -0.51084486007470264 0.12441940376641407 -0.85062173784924344 -17.129316381164458 0 0 0 1</transform>
      </camera>
      <camera id="2036" sensor_id="0" component_id="0" label="20_DSC3466">
        <transform>0.85245434283999644 0.052660357942554442 -0.52014274970876273 5.2972902370736294 -0.022219569100786325 -0.99036574311188308 -0.13668206034232216 -1.3009718013866247 -0.52232928706152992 0.12807256369655745 -0.84307148825350797 -15.997670145591345 0 0 0 1</transform>
      </camera>
      <camera id="2037" sensor_id="0" component_id="0" label="20_DSC3475">
        <transform>0.84271931532467459 0.055056026115381872 -0.53553056828447665 5.5870263532552666 -0.023092857672743439 -0.99014448984306658 -0.13813257819182098 -1.2048418079796401 -0.53785767216171465 0.12877392291064038 -0.83314248557793869 -15.184708074378371 0 0 0 1</transform>
      </camera>
      <camera id="2038" sensor_id="0" component_id="0" label="20_DSC3484">
        <transform>0.86506754067842928 0.055645636987593894 -0.4985596385075895 5.9514785383053352 -0.014427788764623653 -0.99065802615118403 -0.13560425558810463 -1.0865352775858987 -0.50144789258300482 0.12449995303808525 -0.85618325883982205 -14.156695993285833 0 0 0 1</transform>
      </camera>
      <camera id="2039" sensor_id="0" component_id="0" label="20_DSC3493">
        <transform>0.84807414680270998 0.056704834895744814 -0.52683470199323534 6.242077605367121 -0.015140340665105501 -0.9912582393251963 -0.13106438514889263 -0.93960543062645974 -0.52966122343380895 0.11912877347374629 -0.83980195505919231 -12.993033359821025 0 0 0 1</transform>
      </camera>
      <camera id="2040" sensor_id="0" component_id="0" label="20_DSC3502">
        <transform>0.86572983974932882 0.056347551485284086 -0.49732966733265999 6.5874112050277702 -0.011259951174585558 -0.99119856394141814 -0.13190382989138782 -0.80944028254224598 -0.50038490991150708 0.11979298928603291 -0.8574757032422371 -11.784905747966171 0 0 0 1</transform>
      </camera>
      <camera id="2041" sensor_id="0" component_id="0" label="20_DSC3511">
        <transform>0.86017840751632302 0.055816009604747308 -0.50692966012503671 6.9275722526896777 -0.013984539175552192 -0.99103766081095956 -0.13284873924275023 -0.70656781890444764 -0.50980147107156348 0.12136279465364798 -0.85168863569213227 -10.648739212849707 0 0 0 1</transform>
      </camera>
      <camera id="2042" sensor_id="0" component_id="0" label="20_DSC3520">
        <transform>0.87289038954870657 0.053924800423413091 -0.48492729736817552 7.282590499856668 -0.013690986182103938 -0.99077546030231312 -0.13482041447830245 -0.59464008950386948 -0.4877242302068549 0.12432257704067592 -0.86410009380111541 -9.6651468479603473 0 0 0 1</transform>
      </camera>
      <camera id="2043" sensor_id="0" component_id="0" label="20_DSC3529">
        <transform>0.84547562638236151 0.05876915388399917 -0.53077033804189955 7.4965685651538045 -0.019646774404441666 -0.98982973362685511 -0.14089394125969285 -0.47903548993165557 -0.5336524800362632 0.12955031833209696 -0.83572228974175256 -8.5335158342660247 0 0 0 1</transform>
      </camera>
      <camera id="2044" sensor_id="0" component_id="0" label="20_DSC3538">
        <transform>0.85192907391593209 0.059205398434512946 -0.52029950395224545 7.3110605225420162 -0.020540365926530291 -0.98904520498521686 -0.14617686500727173 -0.36801242102644316 -0.52325418907481891 0.13521946343615024 -0.84138026499537855 -7.3618964286020487 0 0 0 1</transform>
      </camera>
      <camera id="2045" sensor_id="0" component_id="0" label="20_DSC3547">
        <transform>0.87013879916471304 0.058347476123805621 -0.48934041547594831 7.603568077941282 -0.013392814279602913 -0.98979961627883595 -0.14183565186489736 -0.25249600656716736 -0.49262470777851164 0.12997034909643926 -0.86048161261115019 -6.2660703680434322 0 0 0 1</transform>
      </camera>
      <camera id="2046" sensor_id="0" component_id="0" label="20_DSC3556">
        <transform>0.86245631131793243 0.055100907162949186 -0.50312324642942741 7.8431912613577408 -0.013592709742216935 -0.99117620920633653 -0.1318520403528903 -0.11123365635679648 -0.50594895919423499 0.12055543261577434 -0.85409720662058919 -5.1664623124381084 0 0 0 1</transform>
      </camera>
