{
    "camera_model": "OPENCV",
    "frames": [
        {
            "file_path": "images/frame_00001.jpg",
            "w": 684,
            "h": 1024,
            "fl_x": 351.95555610876715,
            "fl_y": 351.95555610876715,
            "cx": 341.6426949193393,
            "cy": 509.37733497345897,
            "k1": -0.034059755951035324,
            "k2": 0.009852616952782948,
            "k3": -0.0007656073426166216,
            "k4": 0.0,
            "p1": 6.8291156519016756e-06,
            "p2": -0.0012013912963433437,
            "transform_matrix": [
                [
                    0.5205641730448783,
                    -0.04975415062248546,
                    -0.8523716714191863,
                    -12.453293308717933
                ],
                [
                    -0.85363085607181,
                    -0.009174775375617547,
                    -0.5207976431003845,
                    -18.66204406995179
                ],
                [
                    0.018091525756841247,
                    0.9987193539691929,
                    -0.047247737545279014,
                    -1.8220410918224765
                ],
                [
                    0.0,
                    -0.0,
                    -0.0,
                    1.0
                ]
            ]
        },
        {
            "file_path": "images/frame_00002.jpg",
            "w": 684,
            "h": 1024,
            "fl_x": 351.95555610876715,
            "fl_y": 351.95555610876715,
            "cx": 341.6426949193393,
            "cy": 509.37733497345897,
            "k1": -0.034059755951035324,
            "k2": 0.009852616952782948,
            "k3": -0.0007656073426166216,
            "k4": 0.0,
            "p1": 6.8291156519016756e-06,
            "p2": -0.0012013912963433437,
            "transform_matrix": [
                [
                    0.5328408781268986,
                    -0.048473549006513905,
                    -0.8448259664828424,
                    -11.442181163241358
                ],
                [
                    -0.8460080379448919,
                    -0.008411771351979097,
                    -0.5331037814866406,
                    -18.584215712079452
                ],
                [
                    0.01873494941518213,
                    0.9987890453691587,
                    -0.04549114772101748,
                    -1.743780590572706
                ],
                [
                    0.0,
                    -0.0,
                    -0.0,
                    1.0
                ]
            ]
        },
        {
            "file_path": "images/frame_00003.jpg",
            "w": 684,
            "h": 1024,
            "fl_x": 351.95555610876715,
            "fl_y": 351.95555610876715,
            "cx": 341.6426949193393,
            "cy": 509.37733497345897,
            "k1": -0.034059755951035324,
            "k2": 0.009852616952782948,
            "k3": -0.0007656073426166216,
            "k4": 0.0,
            "p1": 6.8291156519016756e-06,
            "p2": -0.0012013912963433437,
            "transform_matrix": [
                [
                    0.5389474949475872,
                    -0.04308047180415438,
                    -0.8412369883920052,
                    -10.504564644506887
                ],
                [
                    -0.8421785034210856,
                    -0.00804209628920131,
                    -0.5391388439564471,
                    -18.280418098815257
                ],
                [
                    0.016461046902903884,
                    0.9990392372857064,
                    -0.04061571491989008,
                    -1.6621515738640702
                ],
                [
                    0.0,
                    -0.0,
                    -0.0,
                    1.0
                ]
            ]
        },
        {
            "file_path": "images/frame_00004.jpg",
            "w": 684,
            "h": 1024,
            "fl_x": 351.95555610876715,
            "fl_y": 351.95555610876715,
            "cx": 341.6426949193393,
            "cy": 509.37733497345897,
            "k1": -0.034059755951035324,
            "k2": 0.009852616952782948,
            "k3": -0.0007656073426166216,
            "k4": 0.0,
            "p1": 6.8291156519016756e-06,
            "p2": -0.0012013912963433437,
            "transform_matrix": [
                [
                    0.5194520813680212,
                    -0.038942849653623934,
                    -0.8536117323603784,
                    -9.77201023326253
                ],
                [
                    -0.8544298343983991,
                    -0.01090822135019999,
                    -0.5194522776895871,
                    -18.074330209240042
                ],
                [
                    0.010917566228583642,
                    0.9991818979384235,
                    -0.0389402308649321,
                    -1.6030102605438115
                ],
                [
                    0.0,
                    -0.0,
                    -0.0,
                    1.0
                ]
            ]
        },
        {
            "file_path": "images/frame_00005.jpg",
            "w": 684,
            "h": 1024,
            "fl_x": 351.95555610876715,
            "fl_y": 351.95555610876715,
            "cx": 341.6426949193393,
            "cy": 509.37733497345897,
            "k1": -0.034059755951035324,
            "k2": 0.009852616952782948,
            "k3": -0.0007656073426166216,
            "k4": 0.0,
            "p1": 6.8291156519016756e-06,
            "p2": -0.0012013912963433437,
            "transform_matrix": [
                [
                    0.5066960668231898,
                    -0.041898302495510076,
                    -0.8611060492842351,
                    -8.970422392747308
                ],
                [
                    -0.8620744614857905,
                    -0.013834635248461513,
                    -0.5065927612210085,
                    -17.847752335199257
                ],
                [
                    0.0093122886495825,
                    0.9990260933106486,
                    -0.043129411827314855,
                    -1.533638137964501
                ],
                [
                    0.0,
                    -0.0,
                    -0.0,
                    1.0
                ]
            ]
        },
        {
            "file_path": "images/frame_00006.jpg",
            "w": 684,
            "h": 1024,
            "fl_x": 351.95555610876715,
            "fl_y": 351.95555610876715,
            "cx": 341.6426949193393,
            "cy": 509.37733497345897,
            "k1": -0.034059755951035324,
            "k2": 0.009852616952782948,
            "k3": -0.0007656073426166216,
            "k4": 0.0,
            "p1": 6.8291156519016756e-06,
            "p2": -0.0012013912963433437,
            "transform_matrix": [
                [
                    0.5154691582146446,
                    -0.0467979839896617,
                    -0.8556292980163717,
                    -8.09854549625218
                ],
                [
                    -0.8568290210925228,
                    -0.014580764943554866,
                    -0.5153944410907926,
                    -17.606842128592127
                ],
                [
                    0.011643691129331871,
                    0.9987979525350281,
                    -0.047613805442545225,
                    -1.4570090672033171
                ],
                [
                    0.0,
                    -0.0,
                    -0.0,
                    1.0
                ]
            ]
        },
        {
            "file_path": "images/frame_00007.jpg",
            "w": 684,
            "h": 1024,
            "fl_x": 351.95555610876715,
            "fl_y": 351.95555610876715,
            "cx": 341.6426949193393,
            "cy": 509.37733497345897,
            "k1": -0.034059755951035324,
            "k2": 0.009852616952782948,
            "k3": -0.0007656073426166216,
            "k4": 0.0,
            "p1": 6.8291156519016756e-06,
            "p2": -0.0012013912963433437,
            "transform_matrix": [
                [
                    0.5132074403404774,
                    -0.045591030790592596,
                    -0.8570528461481395,
                    -7.348463631439052
                ],
                [
                    -0.8581907625046865,
                    -0.014160814527893806,
                    -0.5131355439681908,
                    -17.398828690456664
                ],
                [
                    0.011257811989893951,
                    0.9988598146103176,
                    -0.04639323685454988,
                    -1.3929382054016735
                ],
                [
                    0.0,
                    -0.0,
                    -0.0,
                    1.0
                ]
            ]
        },
        {
            "file_path": "images/frame_00008.jpg",
            "w": 684,
            "h": 1024,
            "fl_x": 351.95555610876715,
            "fl_y": 351.95555610876715,
            "cx": 341.6426949193393,
            "cy": 509.37733497345897,
            "k1": -0.034059755951035324,
            "k2": 0.009852616952782948,
            "k3": -0.0007656073426166216,
            "k4": 0.0,
            "p1": 6.8291156519016756e-06,
            "p2": -0.0012013912963433437,
            "transform_matrix": [
                [
                    0.5113250614895408,
                    -0.043589672443504535,
                    -0.8582812021412249,
                    -6.659718566063362
                ],
                [
                    -0.8593162881869276,
                    -0.013086695024243561,
                    -0.5112770826762962,
                    -17.271008128205988
                ],
                [
                    0.011054336224266987,
                    0.9989638025822616,
                    -0.044148870665402656,
                    -1.33462942365285
                ],
                [
                    0.0,
                    -0.0,
                    -0.0,
                    1.0
                ]
            ]
        },
        {
            "file_path": "images/frame_00009.jpg",
            "w": 684,
            "h": 1024,
            "fl_x": 351.95555610876715,
            "fl_y": 351.95555610876715,
            "cx": 341.6426949193393,
            "cy": 509.37733497345897,
            "k1": -0.034059755951035324,
            "k2": 0.009852616952782948,
            "k3": -0.0007656073426166216,
            "k4": 0.0,
            "p1": 6.8291156519016756e-06,
            "p2": -0.0012013912963433437,
            "transform_matrix": [
                [
                    0.5071197508399256,
                    -0.04376841585887256,
                    -0.8607635471378051,
                    -5.7471334681684505
                ],
                [
                    -0.8618387119006095,
                    -0.016511253799724096,
                    -0.5069136150937937,
                    -17.104216560602854
                ],
                [
                    0.007974520521606604,
                    0.998905252899976,
                    -0.046094498058711283,
                    -1.2637412808097936
                ],
                [
                    0.0,
                    -0.0,
                    -0.0,
                    1.0
                ]
            ]
        },
        {
            "file_path": "images/frame_00024.jpg",
            "w": 684,
            "h": 1024,
            "fl_x": 351.95555610876715,
            "fl_y": 351.95555610876715,
            "cx": 341.6426949193393,
            "cy": 509.37733497345897,
            "k1": -0.034059755951035324,
            "k2": 0.009852616952782948,
            "k3": -0.0007656073426166216,
            "k4": 0.0,
            "p1": 6.8291156519016756e-06,
            "p2": -0.0012013912963433437,
            "transform_matrix": [
                [
                    0.5379924909978411,
                    -0.05670340677146071,
                    -0.8410403101459809,
                    -13.779849500073427
                ],
                [
                    -0.8426552523423491,
                    -0.0098109566616002,
                    -0.5383640690362201,
                    -12.115339303485804
                ],
                [
                    0.022275666764198454,
                    0.9983428613406788,
                    -0.053059644555121924,
                    -1.6638388734497396
                ],
                [
                    0.0,
                    -0.0,
                    -0.0,
                    1.0
                ]
            ]
        },
        {
            "file_path": "images/frame_00025.jpg",
            "w": 684,
            "h": 1024,
            "fl_x": 351.95555610876715,
            "fl_y": 351.95555610876715,
            "cx": 341.6426949193393,
            "cy": 509.37733497345897,
            "k1": -0.034059755951035324,
            "k2": 0.009852616952782948,
            "k3": -0.0007656073426166216,
            "k4": 0.0,
            "p1": 6.8291156519016756e-06,
            "p2": -0.0012013912963433437,
            "transform_matrix": [
                [
                    0.5574405787477774,
                    -0.05924927043811172,
                    -0.8280999487488783,
                    -12.911682648962323
                ],
                [
                    -0.8298296951382074,
                    -0.009306107574483455,
                    -0.5579391305766619,
                    -11.77197943709524
                ],
                [
                    0.02535109923006028,
                    0.9981998398689332,
                    -0.054354406017028206,
                    -1.574721435624224
                ],
                [
                    0.0,
                    -0.0,
                    -0.0,
                    1.0
                ]
            ]
        },
        {
            "file_path": "images/frame_00026.jpg",
            "w": 684,
            "h": 1024,
            "fl_x": 351.95555610876715,
            "fl_y": 351.95555610876715,
            "cx": 341.6426949193393,
            "cy": 509.37733497345897,
            "k1": -0.034059755951035324,
            "k2": 0.009852616952782948,
            "k3": -0.0007656073426166216,
            "k4": 0.0,
            "p1": 6.8291156519016756e-06,
            "p2": -0.0012013912963433437,
            "transform_matrix": [
                [
                    0.5318349724177649,
                    -0.05953630288367684,
                    -0.8447526210390464,
                    -11.726786137973992
                ],
                [
                    -0.8465708127045075,
                    -0.011856440248355166,
                    -0.5321440443164486,
                    -11.388156090653583
                ],
                [
                    0.021666130024178006,
                    0.9981557260586047,
                    -0.05670736589011298,
                    -1.4683575093390997
                ],
                [
                    0.0,
                    -0.0,
                    -0.0,
                    1.0
                ]
            ]
        },
        {
            "file_path": "images/frame_00027.jpg",
            "w": 684,
            "h": 1024,
            "fl_x": 351.95555610876715,
            "fl_y": 351.95555610876715,
            "cx": 341.6426949193393,
            "cy": 509.37733497345897,
            "k1": -0.034059755951035324,
            "k2": 0.009852616952782948,
            "k3": -0.0007656073426166216,
            "k4": 0.0,
            "p1": 6.8291156519016756e-06,
            "p2": -0.0012013912963433437,
            "transform_matrix": [
                [
                    0.520582689319886,
                    -0.05897222734621993,
                    -0.8517722348035892,
                    -10.741081176338394
                ],
                [
                    -0.8535770684501197,
                    -0.012582358753469546,
                    -0.5208146238963519,
                    -11.130919227682767
                ],
                [
                    0.01999629457110841,
                    0.9981803247159428,
                    -0.056887499096029026,
                    -1.364054826588784
                ],
                [
                    0.0,
                    -0.0,
                    -0.0,
                    1.0
                ]
            ]
        },
        {
            "file_path": "images/frame_00028.jpg",
            "w": 684,
            "h": 1024,
            "fl_x": 351.95555610876715,
            "fl_y": 351.95555610876715,
            "cx": 341.6426949193393,
            "cy": 509.37733497345897,
            "k1": -0.034059755951035324,
            "k2": 0.009852616952782948,
            "k3": -0.0007656073426166216,
            "k4": 0.0,
            "p1": 6.8291156519016756e-06,
            "p2": -0.0012013912963433437,
            "transform_matrix": [
                [
                    0.5337315068256983,
                    -0.06544442085705303,
                    -0.8431178484650025,
                    -9.717413778616475
                ],
                [
                    -0.8453582649308342,
                    -0.014925814919479224,
                    -0.5339912208661486,
                    -10.861694560403375
                ],
                [
                    0.022362525230837607,
                    0.9977445804551759,
                    -0.06329035975269622,
                    -1.284198189215752
                ],
                [
                    0.0,
                    -0.0,
                    -0.0,
                    1.0
                ]
            ]
        },
        {
            "file_path": "images/frame_00029.jpg",
            "w": 684,
            "h": 1024,
            "fl_x": 351.95555610876715,
            "fl_y": 351.95555610876715,
            "cx": 341.6426949193393,
            "cy": 509.37733497345897,
            "k1": -0.034059755951035324,
            "k2": 0.009852616952782948,
            "k3": -0.0007656073426166216,
            "k4": 0.0,
            "p1": 6.8291156519016756e-06,
            "p2": -0.0012013912963433437,
            "transform_matrix": [
                [
                    0.5275487034737646,
                    -0.061022975634417546,
                    -0.8473302555130858,
                    -8.644542110429919
                ],
                [
                    -0.8493060901170915,
                    -0.01525436779397029,
                    -0.5276802720902358,
                    -10.575175006514455
                ],
                [
                    0.019275133025969837,
                    0.9980197897376223,
                    -0.059874606795398896,
                    -1.1688516192544067
                ],
                [
                    0.0,
                    -0.0,
                    -0.0,
                    1.0
                ]
            ]
        },
        {
            "file_path": "images/frame_00030.jpg",
            "w": 684,
            "h": 1024,
            "fl_x": 351.95555610876715,
            "fl_y": 351.95555610876715,
            "cx": 341.6426949193393,
            "cy": 509.37733497345897,
            "k1": -0.034059755951035324,
            "k2": 0.009852616952782948,
            "k3": -0.0007656073426166216,
            "k4": 0.0,
            "p1": 6.8291156519016756e-06,
            "p2": -0.0012013912963433437,
            "transform_matrix": [
                [
                    0.5346083114157648,
                    -0.06276767517604592,
                    -0.8427657873443717,
                    -7.674670516780804
                ],
                [
                    -0.8448691179952477,
                    -0.016388452364619943,
                    -0.5347219764391814,
                    -10.291747539690473
                ],
                [
                    0.019751628366203144,
                    0.9978936003312611,
                    -0.061791873209965514,
                    -1.056941871588876
                ],
                [
                    0.0,
                    -0.0,
                    -0.0,
                    1.0
                ]
            ]
        },
        {
            "file_path": "images/frame_00031.jpg",
            "w": 684,
            "h": 1024,
            "fl_x": 351.95555610876715,
            "fl_y": 351.95555610876715,
            "cx": 341.6426949193393,
            "cy": 509.37733497345897,
            "k1": -0.034059755951035324,
            "k2": 0.009852616952782948,
            "k3": -0.0007656073426166216,
            "k4": 0.0,
            "p1": 6.8291156519016756e-06,
            "p2": -0.0012013912963433437,
            "transform_matrix": [
                [
                    0.5334479727943817,
                    -0.056477922978735356,
                    -0.8439452023310362,
                    -6.8328606985894345
                ],
                [
                    -0.8458252759339177,
                    -0.03138832397836519,
                    -0.5325357975846713,
                    -10.117251378309133
                ],
                [
                    0.003586490328652908,
                    0.9979103252967362,
                    -0.06451449258333553,
                    -1.2334266138704726
                ],
                [
                    0.0,
                    -0.0,
                    -0.0,
                    1.0
                ]
            ]
        },
        {
            "file_path": "images/frame_00034.jpg",
            "w": 684,
            "h": 1024,
            "fl_x": 351.95555610876715,
            "fl_y": 351.95555610876715,
            "cx": 341.6426949193393,
            "cy": 509.37733497345897,
            "k1": -0.034059755951035324,
            "k2": 0.009852616952782948,
            "k3": -0.0007656073426166216,
            "k4": 0.0,
            "p1": 6.8291156519016756e-06,
            "p2": -0.0012013912963433437,
            "transform_matrix": [
                [
                    0.52403216533066,
                    -0.053184954354015976,
                    -0.8500362641259612,
                    -6.129236041524367
                ],
                [
                    -0.8515487916463432,
                    -0.014007174076457525,
                    -0.5240882125368249,
                    -7.366418482165389
                ],
                [
                    0.01596700173833482,
                    0.9984864344119821,
                    -0.05262979337537787,
                    -0.7863637944155194
                ],
                [
                    0.0,
                    -0.0,
                    -0.0,
                    1.0
                ]
            ]
        },
        {
            "file_path": "images/frame_00035.jpg",
            "w": 684,
            "h": 1024,
            "fl_x": 351.95555610876715,
            "fl_y": 351.95555610876715,
            "cx": 341.6426949193393,
            "cy": 509.37733497345897,
            "k1": -0.034059755951035324,
            "k2": 0.009852616952782948,
            "k3": -0.0007656073426166216,
            "k4": 0.0,
            "p1": 6.8291156519016756e-06,
            "p2": -0.0012013912963433437,
            "transform_matrix": [
                [
                    0.5404898443261341,
                    -0.06654095377201777,
                    -0.8387151063689154,
                    -7.489271954667997
                ],
                [
                    -0.8411319411612789,
                    -0.02001270107924092,
                    -0.5404595723583502,
                    -7.469245522007778
                ],
                [
                    0.01917774070553665,
                    0.9975829756299087,
                    -0.06678638330384443,
                    -0.9719241850534128
                ],
                [
                    0.0,
                    -0.0,
                    -0.0,
                    1.0
                ]
            ]
        },
        {
            "file_path": "images/frame_00036.jpg",
            "w": 684,
            "h": 1024,
            "fl_x": 351.95555610876715,
            "fl_y": 351.95555610876715,
            "cx": 341.6426949193393,
            "cy": 509.37733497345897,
            "k1": -0.034059755951035324,
            "k2": 0.009852616952782948,
            "k3": -0.0007656073426166216,
            "k4": 0.0,
            "p1": 6.8291156519016756e-06,
            "p2": -0.0012013912963433437,
            "transform_matrix": [
                [
                    0.5029522395798999,
                    -0.06562073758046805,
                    -0.8618195655129667,
                    -8.897961030996859
                ],
                [
                    -0.8641208642681224,
                    -0.01708751005714104,
                    -0.5029941837999329,
                    -7.919069634733913
                ],
                [
                    0.018280498846493264,
                    0.9976983190320821,
                    -0.0652984499240291,
                    -1.0691382915905814
                ],
                [
                    0.0,
                    -0.0,
                    -0.0,
                    1.0
                ]
            ]
        },
        {
            "file_path": "images/frame_00037.jpg",
            "w": 684,
            "h": 1024,
            "fl_x": 351.95555610876715,
            "fl_y": 351.95555610876715,
            "cx": 341.6426949193393,
            "cy": 509.37733497345897,
            "k1": -0.034059755951035324,
            "k2": 0.009852616952782948,
            "k3": -0.0007656073426166216,
            "k4": 0.0,
            "p1": 6.8291156519016756e-06,
            "p2": -0.0012013912963433437,
            "transform_matrix": [
                [
                    0.5152505089012004,
                    -0.06655193566914273,
                    -0.8544517265098972,
                    -9.895229457089801
                ],
                [
                    -0.8567914800502526,
                    -0.016009898382374176,
                    -0.5154144379691776,
                    -8.104792269818264
                ],
                [
                    0.0206221432046044,
                    0.9976545108465533,
                    -0.06527023975114886,
                    -1.16768227695408
                ],
                [
                    0.0,
                    -0.0,
                    -0.0,
                    1.0
                ]
            ]
        },
        {
            "file_path": "images/frame_00038.jpg",
            "w": 684,
            "h": 1024,
            "fl_x": 351.95555610876715,
            "fl_y": 351.95555610876715,
            "cx": 341.6426949193393,
            "cy": 509.37733497345897,
            "k1": -0.034059755951035324,
            "k2": 0.009852616952782948,
            "k3": -0.0007656073426166216,
            "k4": 0.0,
            "p1": 6.8291156519016756e-06,
            "p2": -0.0012013912963433437,
            "transform_matrix": [
                [
                    0.5256543856022016,
                    -0.05991650789535461,
                    -0.8485855755189334,
                    -10.877601414734924
                ],
                [
                    -0.8504357276502759,
                    -0.01223305887979887,
                    -0.5259367123584269,
                    -8.309595950190252
                ],
                [
                    0.02113149386860931,
                    0.9981284307903818,
                    -0.057385500039745796,
                    -1.239857865761197
                ],
                [
                    0.0,
                    -0.0,
                    -0.0,
                    1.0
                ]
            ]
        },
        {
            "file_path": "images/frame_00039.jpg",
            "w": 684,
            "h": 1024,
            "fl_x": 351.95555610876715,
            "fl_y": 351.95555610876715,
            "cx": 341.6426949193393,
            "cy": 509.37733497345897,
            "k1": -0.034059755951035324,
            "k2": 0.009852616952782948,
            "k3": -0.0007656073426166216,
            "k4": 0.0,
            "p1": 6.8291156519016756e-06,
            "p2": -0.0012013912963433437,
            "transform_matrix": [
                [
                    0.4833640895649182,
                    -0.06254014081107057,
                    -0.8731826199062883,
                    -12.023322589682522
                ],
                [
                    -0.8752110602834167,
                    -0.012762628912891899,
                    -0.4835728644793977,
                    -8.64800933711223
                ],
                [
                    0.019098609285903546,
                    0.9979608439666179,
                    -0.06090481945446652,
                    -1.3895922617034602
                ],
                [
                    0.0,
                    -0.0,
                    -0.0,
                    1.0
                ]
            ]
        },
        {
            "file_path": "images/frame_00040.jpg",
            "w": 684,
            "h": 1024,
            "fl_x": 351.95555610876715,
            "fl_y": 351.95555610876715,
            "cx": 341.6426949193393,
            "cy": 509.37733497345897,
            "k1": -0.034059755951035324,
            "k2": 0.009852616952782948,
            "k3": -0.0007656073426166216,
            "k4": 0.0,
            "p1": 6.8291156519016756e-06,
            "p2": -0.0012013912963433437,
            "transform_matrix": [
                [
                    0.4713273480507189,
                    -0.05891780584672757,
                    -0.8799881948831383,
                    -12.79936146764065
                ],
                [
                    -0.8818269981575086,
                    -0.014262036286985457,
                    -0.4713573375279801,
                    -8.849446254843254
                ],
                [
                    0.015220916529361866,
                    0.998160952189153,
                    -0.05867739960879473,
                    -1.4585126020517474
                ],
                [
                    0.0,
                    -0.0,
                    -0.0,
                    1.0
                ]
            ]
        },
        {
            "file_path": "images/frame_00041.jpg",
            "w": 684,
            "h": 1024,
            "fl_x": 351.95555610876715,
            "fl_y": 351.95555610876715,
            "cx": 341.6426949193393,
            "cy": 509.37733497345897,
            "k1": -0.034059755951035324,
            "k2": 0.009852616952782948,
            "k3": -0.0007656073426166216,
            "k4": 0.0,
            "p1": 6.8291156519016756e-06,
            "p2": -0.0012013912963433437,
            "transform_matrix": [
                [
                    0.537543069384627,
                    -0.062207804404405764,
                    -0.8409385456903122,
                    -13.78037359641883
                ],
                [
                    -0.8428939346885482,
                    -0.01122456466656055,
                    -0.5379626604266351,
                    -8.96884158128174
                ],
                [
                    0.02402630686998966,
                    0.9980000993082265,
                    -0.05846826796613437,
                    -1.539404896259201
                ],
                [
                    0.0,
                    -0.0,
                    -0.0,
                    1.0
                ]
            ]
        },
        {
            "file_path": "images/frame_00042.jpg",
            "w": 684,
            "h": 1024,
            "fl_x": 351.95555610876715,
            "fl_y": 351.95555610876715,
            "cx": 341.6426949193393,
            "cy": 509.37733497345897,
            "k1": -0.034059755951035324,
            "k2": 0.009852616952782948,
            "k3": -0.0007656073426166216,
            "k4": 0.0,
            "p1": 6.8291156519016756e-06,
            "p2": -0.0012013912963433437,
            "transform_matrix": [
                [
                    0.5176690568737127,
                    -0.06178733922308349,
                    -0.8533469823390788,
                    -14.450393105959998
                ],
                [
                    -0.8552992956093874,
                    -0.01178242007139397,
                    -0.5180002794471702,
                    -9.151280942035791
                ],
                [
                    0.021951366371278903,
                    0.998019789026747,
                    -0.05894606200113006,
                    -1.6105986605766136
                ],
                [
                    0.0,
                    -0.0,
                    -0.0,
                    1.0
                ]
            ]
        },
        {
            "file_path": "images/frame_00043.jpg",
            "w": 684,
            "h": 1024,
            "fl_x": 351.95555610876715,
            "fl_y": 351.95555610876715,
            "cx": 341.6426949193393,
            "cy": 509.37733497345897,
            "k1": -0.034059755951035324,
            "k2": 0.009852616952782948,
            "k3": -0.0007656073426166216,
            "k4": 0.0,
            "p1": 6.8291156519016756e-06,
            "p2": -0.0012013912963433437,
            "transform_matrix": [
                [
                    0.5175540287412862,
                    -0.06777057855417473,
                    -0.8529624704616825,
                    -14.893388330982745
                ],
                [
                    -0.8552842902381858,
                    -0.011811339883729106,
                    -0.5180243962613287,
                    -7.493102402105994
                ],
                [
                    0.025032183393119127,
                    0.9976310144199526,
                    -0.06407611771939498,
                    -1.604050272711893
                ],
                [
                    0.0,
                    -0.0,
                    -0.0,
                    1.0
                ]
            ]
        },
        {
            "file_path": "images/frame_00044.jpg",
            "w": 684,
            "h": 1024,
            "fl_x": 351.95555610876715,
            "fl_y": 351.95555610876715,
            "cx": 341.6426949193393,
            "cy": 509.37733497345897,
            "k1": -0.034059755951035324,
            "k2": 0.009852616952782948,
            "k3": -0.0007656073426166216,
            "k4": 0.0,
            "p1": 6.8291156519016756e-06,
            "p2": -0.0012013912963433437,
            "transform_matrix": [
                [
                    0.5196282180724402,
                    -0.05912082197906519,
                    -0.8523445567324169,
                    -13.60689058290762
                ],
                [
                    -0.8541446982961706,
                    -0.011921688304202815,
                    -0.5198987475658327,
                    -7.4913541856898895
                ],
                [
                    0.020575455168830768,
                    0.9981796440303202,
                    -0.056692582302257974,
                    -1.488111107727358
                ],
                [
                    0.0,
                    -0.0,
                    -0.0,
                    1.0
                ]
            ]
        },
        {
            "file_path": "images/frame_00045.jpg",
            "w": 684,
            "h": 1024,
            "fl_x": 351.95555610876715,
            "fl_y": 351.95555610876715,
            "cx": 341.6426949193393,
            "cy": 509.37733497345897,
            "k1": -0.034059755951035324,
            "k2": 0.009852616952782948,
            "k3": -0.0007656073426166216,
            "k4": 0.0,
            "p1": 6.8291156519016756e-06,
            "p2": -0.0012013912963433437,
            "transform_matrix": [
                [
                    0.47527526854765256,
                    -0.054318404996079254,
                    -0.8781588295892939,
                    -12.67209191478313
                ],
                [
                    -0.8797197830906486,
                    -0.01303568305600706,
                    -0.47531376395619496,
                    -7.372405183788109
                ],
                [
                    0.014370885355423357,
                    0.9984385718941075,
                    -0.053980513226127014,
                    -1.4003433977295894
                ],
                [
                    0.0,
                    -0.0,
                    -0.0,
                    1.0
                ]
            ]
        },
        {
            "file_path": "images/frame_00046.jpg",
            "w": 684,
            "h": 1024,
            "fl_x": 351.95555610876715,
            "fl_y": 351.95555610876715,
            "cx": 341.6426949193393,
            "cy": 509.37733497345897,
            "k1": -0.034059755951035324,
            "k2": 0.009852616952782948,
            "k3": -0.0007656073426166216,
            "k4": 0.0,
            "p1": 6.8291156519016756e-06,
            "p2": -0.0012013912963433437,
            "transform_matrix": [
                [
                    0.5260699116275367,
                    -0.05949817344314125,
                    -0.8483574809224742,
                    -11.616377285104475
                ],
                [
                    -0.850244793752424,
                    -0.015351516738794365,
                    -0.5261635882790805,
                    -7.134871620392806
                ],
                [
                    0.01828219836603152,
                    0.9981103637828576,
                    -0.05866398326193566,
                    -1.2897484848317637
                ],
                [
                    0.0,
                    -0.0,
                    -0.0,
                    1.0
                ]
            ]
        },
        {
            "file_path": "images/frame_00047.jpg",
            "w": 684,
            "h": 1024,
            "fl_x": 351.95555610876715,
            "fl_y": 351.95555610876715,
            "cx": 341.6426949193393,
            "cy": 509.37733497345897,
            "k1": -0.034059755951035324,
            "k2": 0.009852616952782948,
            "k3": -0.0007656073426166216,
            "k4": 0.0,
            "p1": 6.8291156519016756e-06,
            "p2": -0.0012013912963433437,
            "transform_matrix": [
                [
                    0.5276718266301496,
                    -0.06550077961719601,
                    -0.8469191763387709,
                    -10.726451531999508
                ],
                [
                    -0.8491982720271503,
                    -0.016487085303004516,
                    -0.5278167018997362,
                    -6.928502148916881
                ],
                [
                    0.02060917676436217,
                    0.9977163043108755,
                    -0.0643229192849981,
                    -1.2064330064377922
                ],
                [
                    0.0,
                    -0.0,
                    -0.0,
                    1.0
                ]
            ]
        },
        {
