<?xml version="1.0" encoding="UTF-8"?>
<document version="2.0.0">
  <chunk label="Chunk 1" enabled="true">
    <sensors next_id="1">
      <sensor id="0" label="unknown" type="frame">
        <resolution width="684" height="1024"/>
        <property name="layer_index" value="0"/>
        <bands>
          <band label="Red"/>
          <band label="Green"/>
          <band label="Blue"/>
        </bands>
        <data_type>uint8</data_type>
        <calibration type="frame" class="adjusted">
          <resolution width="684" height="1024"/>
          <f>350.41100113602533</f>
          <cx>0.56831211232879397</cx>
          <cy>-0.66583315923586184</cy>
          <k1>-0.033649284602126683</k1>
          <k2>0.0080883142169393078</k2>
          <k3>-0.00032575844569464275</k3>
          <p1>0.00013248765042335402</p1>
          <p2>-0.00043094049868545956</p2>
        </calibration>
        <covariance>
          <params>f cx cy k1 k2 k3 p1 p2</params>
          <coeffs>0.0024561657304257908 1.5094669576108234e-05 -0.0016320024384316768 -4.2253834246733542e-06 3.9694079718706735e-06 -8.5233910230971574e-07 -4.855778286546001e-08 -4.0079379215063827e-07 1.5094669576108234e-05 0.0067519039889112021 0.0001256694067505599 1.6896787985504047e-07 -9.6726965119701805e-08 1.9953929016718632e-08 4.5602626926046468e-06 6.1905384100029523e-08 -0.0016320024384316768 0.0001256694067505599 0.029819091741756811 -2.1955430977894376e-06 -1.9268144645876552e-07 3.0643763660573114e-07 2.2702074206235298e-07 1.5762247240173585e-05 -4.2253834246733542e-06 1.6896787985504047e-07 -2.1955430977894376e-06 4.8576805074460257e-08 -3.4488011495764497e-08 7.5770956399953933e-09 2.452548535853927e-10 -1.725572400005886e-09 3.9694079718706735e-06 -9.6726965119701805e-08 -1.9268144645876552e-07 -3.4488011495764497e-08 2.8255363774645833e-08 -6.5708048987964667e-09 -1.6376929489416096e-10 -1.7767886186598834e-10 -8.5233910230971574e-07 1.9953929016718632e-08 3.0643763660573114e-07 7.5770956399953933e-09 -6.5708048987964667e-09 1.600706137093303e-09 3.4132686115601485e-11 2.0665184520799661e-10 -4.855778286546001e-08 4.5602626926046468e-06 2.2702074206235298e-07 2.452548535853927e-10 -1.6376929489416096e-10 3.4132686115601485e-11 3.7370911326161955e-09 9.8673398014682292e-11 -4.0079379215063827e-07 6.1905384100029523e-08 1.5762247240173585e-05 -1.725572400005886e-09 -1.7767886186598834e-10 2.0665184520799661e-10 9.8673398014682292e-11 9.6163053209786879e-09</coeffs>
        </covariance>
      </sensor>
    </sensors>
    <components next_id="6" active_id="4">
      <component id="4" label="Component 1">
        <region>
          <center>-4.9377140088329989 -0.29953498581548121 -1.6668302693509329</center>
          <size>26.631790510813396 24.921911589304607 14.095076052347819</size>
          <R>-0.80704233065441389 -0.09836350135961637 -0.58224333240679416 -0.58320820456380418 -0.021634137093374757 0.81203457699884252 -0.092470896293673097 0.9949153661053296 -0.039906736601016908</R>
        </region>
        <partition>
          <partition>
            <partition>
              <camera_ids>81 82 83 84 85 86 87 88 89 112 232 233 234 235 236 237 238 239 240 241 242 243 244 245 246 247 273 274 275 276 277 278 279 280 281 282 303 386 387 388 389 390 391 392 393 394 395 396 397 398 399 400 401 427 428 429 430 431 432 433 434 435 436 437 438 540 541 542 543 544 545 546 547 556 557 580 581 681 682 683 684 685 686 687 688 689 690 691 692 848 849 850 851 852 853 854 855 856 857 858 859 860 861 862 863 864 865 888 889 890 898 899 900</camera_ids>
            </partition>
            <partition>
              <camera_ids>90 91 92 93 94 118 119 120 121 122 123 124 125 126 127 128 129 130 220 221 492 493 494 495 496 497 498 499 500 501 502 503 504 505 506 507 508 648 649 650 651 652 653 654 655 656 657 658 659 801 802 803 804 805 806 807 808 809 810 811 812 813 814 815</camera_ids>
            </partition>
            <partition>
              <camera_ids>6 7 32 33 34 35 36 37 38 39 40 41 42 43 44 45 65 66 67 79 185 186 187 188 189 190 191 192 193 194 195 196 197 198 199 219 341 342 343 344 345 346 347 348 349 350 373 374 375 548 549 550 551 552 553 554 555 582 583 584 585 586 587 588 589 590 703 704 705 706 707 708 709 710 711 712 734 735 736 737 738 739 740 741 742 743 891 892 893 894 895 896 897</camera_ids>
            </partition>
            <partition>
              <camera_ids>68 69 70 71 72 73 74 75 76 77 222 223 224 225 226 227 228 229 230 231 376 377 378 379 380 381 382 383 384 385 527 528 529 530 531 532 533 534 535 536 537 538 539 694 695 696 697 698 699 700 701 702 835 836 837 838 839 840 841 842 843 844 845 846 847 919</camera_ids>
            </partition>
          </partition>
          <partition>
            <partition>
              <camera_ids>26 27 28 29 30 31 46 47 48 49 50 51 80 334 335 336 337 338 339 340 351 352 353 354 355 356 357 358 359 558 559 560 561 562 563 575 576 577 578 579 591 592 593 594 595 713 714 715 716 717 718 719 720 729 730 731 732 733 901 902 912 913</camera_ids>
            </partition>
            <partition>
              <camera_ids>52 53 54 55 56 57 58 59 60 61 62 63 64 171 206 207 208 209 210 211 212 213 214 215 216 217 218 259 260 261 262 263 264 265 266 325 360 361 362 363 364 365 366 367 368 369 370 371 372 413 414 415 416 417 418 419 420 564 565 566 567 568 569 570 571 572 573 574 721 722 723 724 725 726 727 728 875 876 877 878 879 880 881 882</camera_ids>
            </partition>
          </partition>
          <partition>
            <partition>
              <camera_ids>131 132 133 134 135 136 137 138 139 140 141 142 143 144 145 146 147 148 149 150 151 152 153 283 284 285 294 295 296 297 298 299 300 301 302 304 305 306 307 439 440 441 448 449 450 451 452 453 454 455 456 457 458 459 460 461 488 489 628 629 630 631 632 633 634 635 636 637 638 639 640 641</camera_ids>
            </partition>
            <partition>
              <camera_ids>172 173 174 175 176 177 178 179 180 181 182 183 184 200 201 202 203 204 205 474 475 476 477 478 479 480 481 482 483 484 485 486 487 782 783 784 785 786 787 788 789 790 791 792 793 794 795 796 797 798 799 800 816 817</camera_ids>
            </partition>
          </partition>
        </partition>
      </component>
      <component id="5" label="Component 2">
        <region>
          <center>4.5706643425542763 1.5778709941841349 -7.4323589598884041</center>
          <size>29.483120103677116 25.738553186257683 21.187530954678856</size>
          <R>0.95682813512038845 -0.23272478631511936 -0.17412378837086492 -0.20645083000599548 -0.96586682294436521 0.1564587329783606 -0.20459221547232753 -0.11375611706603019 -0.97221477627023556</R>
        </region>
        <partition>
          <camera_ids>2 3 4 5 8 9 10 11 78 154 155 156 157 158 159 160 161 162 163 164 165 308 309 310 311 312 313 314 315 316 317 318 319 462 463 464 465 466 467 468 469 470 471 472 473 616 617 618 619 620 622 623 624 625 626 770 771 772 773 774 775 776 777 778 779 780 781</camera_ids>
        </partition>
      </component>
    </components>
    <cameras next_id="924" next_group_id="0">
      <camera id="770" sensor_id="0" label="20_DSC0001"/>
      <camera id="771" sensor_id="0" label="20_DSC0010"/>
      <camera id="772" sensor_id="0" label="20_DSC0019"/>
      <camera id="773" sensor_id="0" label="20_DSC0028"/>
      <camera id="774" sensor_id="0" label="20_DSC0037"/>
      <camera id="775" sensor_id="0" label="20_DSC0046"/>
      <camera id="776" sensor_id="0" component_id="5" label="20_DSC0055">
        <transform>1 0 0 0 0 -1 0 0 0 0 -1 0 0 0 0 1</transform>
      </camera>
      <camera id="777" sensor_id="0" component_id="5" label="20_DSC0064">
        <transform>0.99992321902021297 -0.001611544345077187 0.012286536903424787 0.181522846864834 -0.001622918091932475 -0.99999826372768152 0.00091579391185320214 0.041581149560978144 0.012285039728150971 -0.0009356636393266643 -0.99992409828568074 -1.0608219586855114 0 0 0 1</transform>
        <rotation_covariance>1.5526974271350628e-07 1.724964663956103e-08 -1.6232404827766037e-08 1.7249646639561033e-08 2.6880102767541395e-07 -7.8732461863565043e-08 -1.623240482776604e-08 -7.8732461863565043e-08 7.2995629855733026e-08</rotation_covariance>
        <location_covariance>1.6057187878102184e-05 3.591720511051726e-06 -8.3894530407300177e-06 3.591720511051726e-06 1.0393990372339546e-05 -1.0141976707322371e-06 -8.3894530407300177e-06 -1.0141976707322371e-06 7.2289001678308112e-05</location_covariance>
      </camera>
      <camera id="778" sensor_id="0" component_id="5" label="20_DSC0073">
        <transform>0.99989940068295202 -0.0020296903570550928 0.014038122058460244 0.66275682611556641 -0.0020683313136316715 -0.99999411101352176 0.0027386025365760472 0.10812666110584344 0.014032480872988966 -0.0027673625224693826 -0.99989771036102426 -2.6315937505019367 0 0 0 1</transform>
        <rotation_covariance>6.7776887099526302e-07 7.0576302265142971e-08 -1.4314044344143788e-07 7.0576302265142958e-08 5.7414141532918985e-07 -1.5505866579218043e-07 -1.4314044344143785e-07 -1.5505866579218043e-07 1.927384157955351e-07</rotation_covariance>
        <location_covariance>5.5133658359527697e-05 1.1073556250896575e-05 -0.00010321963752163824 1.1073556250896575e-05 4.3218533560474935e-05 -1.3769330563104387e-05 -0.00010321963752163824 -1.3769330563104387e-05 0.00041835346898664227</location_covariance>
      </camera>
      <camera id="779" sensor_id="0" component_id="5" label="20_DSC0082">
        <transform>0.99986816806486756 -0.0034326001905321452 0.015870215705468586 1.1635295780039123 -0.0034550131361657495 -0.99999307221868416 0.0013850627664651442 0.16568223264119136 0.015865351393368674 -0.0014397119746969809 -0.99987310087560366 -4.0468610418083104 0 0 0 1</transform>
        <rotation_covariance>1.4034337204042087e-06 3.9170686478344307e-07 -3.6104864092617733e-07 3.9170686478344312e-07 1.3752269795334263e-06 -3.7533830569895027e-07 -3.6104864092617739e-07 -3.7533830569895027e-07 3.5656242121727709e-07</rotation_covariance>
        <location_covariance>0.00014485190605729038 3.0567291097217132e-05 -0.00029797040479768045 3.0567291097217132e-05 6.1877950747360889e-05 -4.3329735998538636e-05 -0.00029797040479768045 -4.3329735998538636e-05 0.0009915903511422922</location_covariance>
      </camera>
      <camera id="780" sensor_id="0" component_id="5" label="20_DSC0091">
        <transform>0.99992645684593717 -0.0047425844652638303 0.011161934963056655 1.7998696049132663 -0.0048203103687759399 -0.99996425189602234 0.0069469085192881072 0.25995598139885129 0.011128589644619833 -0.0070002016125635599 -0.99991357210006127 -5.8982914674140083 0 0 0 1</transform>
        <rotation_covariance>4.0801106090837893e-06 1.997340966566112e-06 -1.4281472208863343e-06 1.997340966566112e-06 5.9500279140209082e-06 -1.5100163120162728e-06 -1.4281472208863341e-06 -1.5100163120162728e-06 1.0519554392099728e-06</rotation_covariance>
        <location_covariance>0.00040559405069456991 8.8557783944449096e-05 -0.00075208026282490997 8.8557783944449096e-05 0.00010376230206183389 -0.00013485846775782831 -0.00075208026282490997 -0.00013485846775782831 0.0021760236060884056</location_covariance>
      </camera>
      <camera id="781" sensor_id="0" component_id="5" label="20_DSC0100">
        <transform>0.99878472067703328 -0.0082466703799789296 0.04859088566536552 2.3520379630874531 -0.0086815608469269154 -0.99992406786526666 0.0087457992795744108 0.30781731531919249 0.048515072331820251 -0.0091570154210569524 -0.9987804747917417 -7.3639675755070684 0 0 0 1</transform>
        <rotation_covariance>7.4460765868404838e-06 2.2090221884037297e-06 -2.2600841610367127e-06 2.2090221884037302e-06 1.7340203777331174e-05 -2.406278296968144e-06 -2.2600841610367127e-06 -2.406278296968144e-06 1.6288407786650419e-06</rotation_covariance>
        <location_covariance>0.00071054811050558849 5.7713233016991012e-05 -0.001315566667475822 5.7713233016991012e-05 0.00010396015474380759 -0.0001807374056787906 -0.001315566667475822 -0.0001807374056787906 0.0035292329530361233</location_covariance>
      </camera>
      <camera id="782" sensor_id="0" component_id="4" label="20_DSC0109">
        <transform>-0.78851945787345634 -0.016050432109011636 0.61480033196482964 -12.133039201734951 -0.0030575274231551819 -0.99954473233538266 -0.030016322003977164 -0.66938802734582858 0.61500220819197671 -0.025548222828679377 0.78811139582503764 -3.5469350060142841 0 0 0 1</transform>
        <rotation_covariance>1.9288715630243485e-06 -1.8578616554225768e-08 -1.2636888704662141e-08 -1.8578616554225764e-08 6.6408891579724884e-07 -1.7931321726589835e-08 -1.2636888704662141e-08 -1.7931321726589842e-08 7.8999687476192948e-07</rotation_covariance>
        <location_covariance>4.0103547365614611e-05 -9.4987545796405772e-06 -8.6365640031304198e-06 -9.4987545796405772e-06 0.00010618079867638679 1.5938658648541122e-06 -8.6365640031304198e-06 1.5938658648541122e-06 6.0987522934073326e-05</location_covariance>
      </camera>
      <camera id="783" sensor_id="0" component_id="4" label="20_DSC0118">
        <transform>-0.78161346300809353 -0.01592150370633744 0.62355986093094895 -11.787344126507024 -0.0047990580683395373 -0.99949110418817688 -0.031535720863105604 -0.65922285809466385 0.62374463002590419 -0.027641243973961574 0.78113929496948264 -2.7171570487244003 0 0 0 1</transform>
        <rotation_covariance>1.8153566755571754e-06 -1.6333441752389188e-08 9.0974395502227892e-08 -1.6333441752389188e-08 7.6551271149091824e-07 -1.674618818655093e-08 9.0974395502227839e-08 -1.674618818655093e-08 6.4427573565385298e-07</rotation_covariance>
        <location_covariance>3.3689954032091922e-05 -5.7568672416818183e-06 -8.0232892888261223e-06 -5.7568672416818183e-06 8.8342665792808827e-05 5.247268538245846e-06 -8.0232892888261223e-06 5.247268538245846e-06 5.4328160922467997e-05</location_covariance>
      </camera>
      <camera id="784" sensor_id="0" component_id="4" label="20_DSC0127">
        <transform>-0.77583266473250756 -0.015454206451234437 0.63074943031049935 -11.38631184619457 -0.0035353047725840969 -0.99957780383227246 -0.028839481722395414 -0.64796374222466047 0.63092882162271025 -0.02460450342547188 0.77545047582483573 -1.7914740805342397 0 0 0 1</transform>
        <rotation_covariance>1.5439067265907066e-06 -8.8127984929852217e-09 1.468600956769463e-07 -8.812798492985225e-09 6.3623165040647817e-07 6.4229872936213323e-09 1.4686009567694654e-07 6.422987293621329e-09 5.4342133948687397e-07</rotation_covariance>
        <location_covariance>2.7873050388092931e-05 -3.4353895359402439e-06 -4.3614690834619068e-06 -3.4353895359402439e-06 7.0231696654806324e-05 6.6339055484082186e-06 -4.3614690834619068e-06 6.6339055484082186e-06 4.8048812074486206e-05</location_covariance>
      </camera>
      <camera id="785" sensor_id="0" component_id="4" label="20_DSC0136">
        <transform>-0.79799059388545102 -0.012766449249092815 0.60253467107206093 -11.080181818768823 -0.006154540266353925 -0.99955085309361369 -0.029329400163319697 -0.64224768511553154 0.60263847678724947 -0.027112909349618991 0.79755360725291902 -0.94317104389764228 0 0 0 1</transform>
        <rotation_covariance>1.7787374106982526e-06 -3.0493665681568063e-09 9.0695949291745736e-08 -3.0493665681568071e-09 7.1402213164045748e-07 1.2370623303075354e-08 9.0695949291745842e-08 1.2370623303075351e-08 6.3973975908997333e-07</rotation_covariance>
        <location_covariance>2.7314268827659738e-05 -2.7368776963863093e-06 -3.1912068226446539e-06 -2.7368776963863093e-06 6.9827766034949456e-05 9.0097400040611915e-06 -3.1912068226446539e-06 9.0097400040611915e-06 4.5426623264298673e-05</location_covariance>
      </camera>
      <camera id="786" sensor_id="0" component_id="4" label="20_DSC0145">
        <transform>-0.81199660390424866 -0.0093605826475458009 0.58358709267808928 -10.485433935855564 -0.0081970708537153214 -0.99958988507642266 -0.027438470845208729 -0.61920993903770805 0.5836045949762434 -0.027063649890631147 0.81158686261989987 -0.051127438750847486 0 0 0 1</transform>
        <rotation_covariance>1.7870325455988995e-06 -3.4984164318823264e-08 2.184340050247106e-07 -3.4984164318823258e-08 7.5908555198344386e-07 -6.1662347945604873e-08 2.1843400502471065e-07 -6.1662347945604873e-08 7.0653369147591124e-07</rotation_covariance>
        <location_covariance>2.4457867676191702e-05 -2.1055072239354281e-06 -7.0447875248647875e-07 -2.1055072239354281e-06 7.3375253418257212e-05 1.5786715767450712e-06 -7.0447875248647875e-07 1.5786715767450712e-06 4.5668542446486625e-05</location_covariance>
      </camera>
      <camera id="787" sensor_id="0" component_id="4" label="20_DSC0154">
        <transform>-0.82177858971237205 -0.016478505037855959 0.56956861602625386 -9.7669606196739824 -0.0037838645326104953 -0.99940188867087953 -0.034373642377224158 -0.60084519028412064 0.56979437682337952 -0.03040269384110296 0.82122472219707343 1.015530367400387 0 0 0 1</transform>
        <rotation_covariance>5.4300094653576703e-06 -7.4435744594655341e-08 1.1703495475833057e-06 -7.4435744594655328e-08 1.036923766685685e-06 -8.6946793927733913e-08 1.1703495475833057e-06 -8.6946793927733926e-08 2.3170718708774715e-06</rotation_covariance>
        <location_covariance>5.3817772504030243e-05 -7.2980450822720256e-05 3.0923451789527483e-05 -7.2980450822720256e-05 0.00040984135219594069 -2.0207798460420579e-05 3.0923451789527483e-05 -2.0207798460420579e-05 9.5522981086780756e-05</location_covariance>
      </camera>
      <camera id="788" sensor_id="0" component_id="4" label="20_DSC0163">
        <transform>-0.81283348959862678 -0.010539323980198655 0.58240075621255727 -8.486852748158336 -0.010414357355991687 -0.99941354575329899 -0.032620633434680836 -0.57538904504435084 0.58240300424000235 -0.032580472907226515 0.81224703966057121 0.51063825024910292 0 0 0 1</transform>
        <rotation_covariance>2.0782834911237706e-06 -8.0756446621528281e-08 -8.2922944968544154e-08 -8.0756446621528281e-08 6.9610103976382726e-07 -8.31761880524739e-08 -8.2922944968544154e-08 -8.31761880524739e-08 7.0054326778874982e-07</rotation_covariance>
        <location_covariance>1.9646224078958061e-05 -8.4147698238995422e-07 -2.0363791852029778e-06 -8.4147698238995422e-07 7.6684151077737546e-05 -2.588351308056606e-06 -2.0363791852029778e-06 -2.588351308056606e-06 3.25317523983858e-05</location_covariance>
      </camera>
      <camera id="789" sensor_id="0" component_id="4" label="20_DSC0172">
        <transform>-0.81557746490640115 -0.0088080131059352917 0.57858086525737618 -8.6383250252283315 -0.0070357797955913348 -0.99965928044134622 -0.025136046430529857 -0.58306938729324786 0.57860513006671166 -0.024571160587474855 0.81523761047186027 -0.44775517324595149 0 0 0 1</transform>
        <rotation_covariance>1.1555594842245582e-06 6.0510196619830732e-08 9.2259312431349675e-08 6.0510196619830732e-08 5.3119275163788289e-07 -3.70478871819838e-08 9.2259312431349728e-08 -3.70478871819838e-08 5.4411983903324676e-07</rotation_covariance>
        <location_covariance>1.6779267043614845e-05 -3.444104782980433e-07 -1.7260216931378594e-06 -3.444104782980433e-07 3.4619814515647951e-05 5.4030101553862846e-06 -1.7260216931378594e-06 5.4030101553862846e-06 2.8438803025285076e-05</location_covariance>
      </camera>
      <camera id="790" sensor_id="0" component_id="4" label="20_DSC0181">
        <transform>-0.80815953310500999 -0.0078161843874890256 0.58891177294490671 -8.8698904497469826 -0.007006091519432725 -0.99971360369394868 -0.022882859761829397 -0.58796555099931957 0.58892196743975656 -0.022618971039351246 0.80787331829687681 -1.3904123485220514 0 0 0 1</transform>
        <rotation_covariance>1.2364676347822214e-06 4.9229663527230701e-08 1.2711692407204989e-07 4.9229663527230708e-08 5.1168981554778035e-07 7.3023885550710411e-09 1.2711692407204987e-07 7.3023885550710427e-09 4.3954065892325552e-07</rotation_covariance>
        <location_covariance>1.7319727571264099e-05 -1.4672919364869144e-06 -3.2994393565673987e-06 -1.4672919364869144e-06 3.743854159667862e-05 6.3146287497455885e-06 -3.2994393565673987e-06 6.3146287497455885e-06 2.9422914023521862e-05</location_covariance>
      </camera>
      <camera id="791" sensor_id="0" component_id="4" label="20_DSC0190">
        <transform>-0.81542073644789936 -0.0076375768967255897 0.57881835664560055 -9.1078470995407255 -0.0075918990526035457 -0.99968585697851042 -0.02388619739339019 -0.5915903107812378 0.57881895756751267 -0.023871631202905391 0.81510659400115926 -2.1370339792018487 0 0 0 1</transform>
        <rotation_covariance>1.3937393198383732e-06 4.8701428217719864e-08 1.1694349368852514e-07 4.8701428217719851e-08 5.4673663374728285e-07 1.2034798096950468e-08 1.1694349368852516e-07 1.2034798096950466e-08 4.567058869224197e-07</rotation_covariance>
        <location_covariance>1.8362863011062154e-05 -2.9117717485391757e-06 -4.7275387561373672e-06 -2.9117717485391757e-06 4.4941791869353098e-05 6.6902030638545018e-06 -4.7275387561373672e-06 6.6902030638545018e-06 3.1954524251284148e-05</location_covariance>
      </camera>
      <camera id="792" sensor_id="0" component_id="4" label="20_DSC0199">
        <transform>-0.81788174274333292 -0.010043669702703789 0.57529868727994793 -9.2796223639472437 -0.0082962470350083362 -0.99953785618816882 -0.029244594917592764 -0.59208390437606107 0.57532653960360836 -0.028691440285613795 0.81742043899212335 -2.7407449420358887 0 0 0 1</transform>
        <rotation_covariance>1.4053447714758534e-06 5.1036512796902479e-08 1.315141811631591e-07 5.1036512796902459e-08 5.2501035096938761e-07 9.4969283896292654e-11 1.3151418116315889e-07 9.4969283896292654e-11 4.6445566891375079e-07</rotation_covariance>
        <location_covariance>1.873041133783823e-05 -3.8200260241883456e-06 -5.8460278170391211e-06 -3.8200260241883456e-06 4.9656135544103096e-05 5.6570625545907224e-06 -5.8460278170391211e-06 5.6570625545907224e-06 3.2603063938711618e-05</location_covariance>
      </camera>
      <camera id="793" sensor_id="0" component_id="4" label="20_DSC0208">
        <transform>-0.8054533246867821 -0.012846184091359791 0.59251997207292539 -9.47163540549926 -0.0075624820487939226 -0.99946088634545527 -0.031949108451086797 -0.59656002494206961 0.59261096059410756 -0.030214437275059458 0.80492194476475809 -3.5122978259033566 0 0 0 1</transform>
        <rotation_covariance>1.540691557413993e-06 3.3740165379088496e-08 9.6275759151668112e-08 3.3740165379088496e-08 7.7238936181460033e-07 -1.3449205217229219e-08 9.6275759151668033e-08 -1.3449205217229219e-08 4.8020508002590796e-07</rotation_covariance>
        <location_covariance>2.3201885872020891e-05 -3.970832980153373e-06 -9.9622710279114502e-06 -3.970832980153373e-06 5.7366495873128542e-05 5.1431670027335412e-06 -9.9622710279114502e-06 5.1431670027335412e-06 3.653222691095269e-05</location_covariance>
      </camera>
      <camera id="794" sensor_id="0" component_id="4" label="20_DSC0217">
        <transform>-0.80104733798883399 -0.012540453815572353 0.59846963107504703 -9.7492837120106834 -0.0028180779869642486 -0.99969044968686382 -0.024719693390781214 -0.61057892645822698 0.59859437078664812 -0.021488178679785142 0.80076403355767822 -4.4138938387092654 0 0 0 1</transform>
        <rotation_covariance>1.4460578372367072e-06 6.0071016838508289e-08 1.6555434256281975e-07 6.0071016838508276e-08 5.3134499934435539e-07 -1.5522472306254897e-08 1.655543425628198e-07 -1.5522472306254893e-08 4.5474121936645163e-07</rotation_covariance>
        <location_covariance>2.3297906681202625e-05 -5.3287495916991854e-06 -8.4468417290592866e-06 -5.3287495916991854e-06 6.0173419159042946e-05 5.1224902168213905e-06 -8.4468417290592866e-06 5.1224902168213905e-06 3.8765896681111834e-05</location_covariance>
      </camera>
      <camera id="795" sensor_id="0" component_id="4" label="20_DSC0226">
        <transform>-0.80206636757464178 -0.013028852175726968 0.59709278258626086 -9.9418147417255849 -0.0024914123269672989 -0.99968032786662875 -0.025160185632971732 -0.62240868094208024 0.59722971700195715 -0.021667743017019958 0.80177750906489664 -4.7510652500709574 0 0 0 1</transform>
        <rotation_covariance>1.531245890069512e-06 4.9594891452103627e-08 1.6147186510057962e-07 4.9594891452103634e-08 5.7100474647205461e-07 -3.3085555825159784e-09 1.6147186510057965e-07 -3.308555582515975e-09 4.6214193864107612e-07</rotation_covariance>
        <location_covariance>2.5237138018452992e-05 -5.9213429031221132e-06 -8.9817563814000852e-06 -5.9213429031221132e-06 6.5837292180779354e-05 5.3286165559824406e-06 -8.9817563814000852e-06 5.3286165559824406e-06 4.0695086679939921e-05</location_covariance>
      </camera>
      <camera id="796" sensor_id="0" component_id="4" label="20_DSC0235">
        <transform>-0.80550355442385302 -0.015158736754501516 0.59239702608178868 -8.5435017347852433 -0.00039675119711189699 -0.99965874742071659 -0.026119557686376506 -0.58295620362256151 0.5925908085677899 -0.021274430785618303 0.80522266001132947 -5.2195471565307177 0 0 0 1</transform>
        <rotation_covariance>1.7352841095044765e-06 1.5301882841498544e-07 1.6100116984304208e-07 1.5301882841498546e-07 6.3708507864625002e-07 -1.1233736149419797e-08 1.6100116984304208e-07 -1.12337361494198e-08 4.2440899645290342e-07</rotation_covariance>
        <location_covariance>2.7199725019999913e-05 -7.2812370779047553e-06 -1.1155894867280919e-05 -7.2812370779047553e-06 6.3811114765065143e-05 6.2552730179564322e-06 -1.1155894867280919e-05 6.2552730179564322e-06 3.6528695308999152e-05</location_covariance>
      </camera>
      <camera id="797" sensor_id="0" component_id="4" label="20_DSC0244">
        <transform>-0.79558245501515112 -0.01338688023690646 0.60569740688696083 -8.0978135402331652 -0.0041397373630119808 -0.99961239007408531 -0.027530568191362639 -0.57585683485823969 0.60583118097918243 -0.024410265215615887 0.7952186611904124 -4.4953254104256359 0 0 0 1</transform>
        <rotation_covariance>1.408789684606046e-06 9.7290068103057521e-08 1.3753982456379582e-07 9.7290068103057508e-08 5.349258073823427e-07 -4.448017427061376e-09 1.3753982456379582e-07 -4.4480174270613718e-09 4.0860677855185659e-07</rotation_covariance>
        <location_covariance>2.0865827265952801e-05 -4.5326158289780527e-06 -8.5668973041012785e-06 -4.5326158289780527e-06 4.576934442861182e-05 5.1048637942423503e-06 -8.5668973041012785e-06 5.1048637942423503e-06 2.9545653591439152e-05</location_covariance>
      </camera>
      <camera id="798" sensor_id="0" component_id="4" label="20_DSC0253">
        <transform>-0.80301441730548984 -0.012021899763925172 0.59583833338044812 -7.5653948171766183 -0.0072023116417378272 -0.99952773854022958 -0.029873509932216259 -0.5737769466551893 0.59591607824134019 -0.028280272536188165 0.8025485990759309 -3.3687844353494216 0 0 0 1</transform>
        <rotation_covariance>2.0251961766925034e-06 1.8272986559992208e-07 1.6823511834383646e-07 1.8272986559992208e-07 8.152224415439252e-07 -2.5289348102025245e-08 1.6823511834383675e-07 -2.5289348102025252e-08 5.2096741918495498e-07</rotation_covariance>
        <location_covariance>2.1382574787350548e-05 -5.7080301344725949e-06 -7.7771569393000856e-06 -5.7080301344725949e-06 6.0118731484368529e-05 3.8804338308134204e-06 -7.7771569393000856e-06 3.8804338308134204e-06 2.8694225774612026e-05</location_covariance>
      </camera>
      <camera id="799" sensor_id="0" component_id="4" label="20_DSC0262">
        <transform>-0.79359004368884234 -0.01051579682524631 0.60836194865809312 -7.1672787405084692 -0.0069393163452846074 -0.99962918945986545 -0.026331150154780103 -0.55464220384550866 0.6084132546605161 -0.025117754615881172 0.79322279969530296 -2.471425519824757 0 0 0 1</transform>
        <rotation_covariance>1.4560727433385276e-06 1.121644882893689e-07 1.3424132188236723e-07 1.1216448828936891e-07 6.4049660892875927e-07 -2.4507786851143262e-08 1.3424132188236716e-07 -2.4507786851143259e-08 4.3113671879791821e-07</rotation_covariance>
        <location_covariance>1.8067431745548833e-05 -4.0527337129908732e-06 -4.9820382196667112e-06 -4.0527337129908732e-06 3.8981468203358962e-05 4.1063075944254394e-06 -4.9820382196667112e-06 4.1063075944254394e-06 2.234058918346196e-05</location_covariance>
      </camera>
      <camera id="800" sensor_id="0" component_id="4" label="20_DSC0271">
        <transform>-0.81665217595278539 -0.0077497462480523582 0.57707812724506546 -6.8270318723241754 -0.0074538496487983052 -0.99968480921072267 -0.023973367696982301 -0.54963100881736549 0.5770820250510269 -0.023879356490751624 0.81633700926553221 -1.5878765809605249 0 0 0 1</transform>
        <rotation_covariance>1.3092476777810389e-06 6.6898213403451149e-08 1.4940640611519833e-07 6.6898213403451149e-08 5.5738858161353183e-07 2.0517583379133967e-08 1.4940640611519841e-07 2.0517583379133964e-08 4.2442692352495439e-07</rotation_covariance>
        <location_covariance>1.5459200905050062e-05 -1.4392749452736067e-06 -3.6444166677502719e-06 -1.4392749452736067e-06 3.2186968269061616e-05 3.2667521923665764e-06 -3.6444166677502719e-06 3.2667521923665764e-06 2.0498887841415044e-05</location_covariance>
      </camera>
      <camera id="801" sensor_id="0" component_id="4" label="20_DSC0280">
        <transform>-0.81366363415923482 -0.0074647349240036728 0.58128802514700129 -6.4366571257626557 -0.0092486490751115674 -0.99962478488249962 -0.025782783769441677 -0.53903016373807033 0.58126237873878595 -0.026354642496734717 0.81328929654938742 -0.5355115828095538 0 0 0 1</transform>
        <rotation_covariance>1.4277895242923189e-06 -5.4595545335676641e-08 1.2172559071957779e-07 -5.4595545335676641e-08 5.6565073275891086e-07 3.9741764993001649e-08 1.2172559071957774e-07 3.9741764993001649e-08 3.8654068565459269e-07</rotation_covariance>
        <location_covariance>1.6262969970561212e-05 1.2225521755581498e-06 -2.6601952666330694e-06 1.2225521755581498e-06 3.6991040061494261e-05 1.0359588751291347e-06 -2.6601952666330694e-06 1.0359588751291347e-06 1.88590880099043e-05</location_covariance>
      </camera>
      <camera id="802" sensor_id="0" component_id="4" label="20_DSC0289">
        <transform>-0.81980615962232239 -0.010077612219333584 0.57255244508888026 -6.0802495076886691 -0.011774882908419144 -0.9993370778661439 -0.034449338664912434 -0.53701361373660561 0.57252005447651488 -0.034983518032261463 0.81914402926975827 0.53444426627431696 0 0 0 1</transform>
        <rotation_covariance>1.2854185035387899e-06 -2.3209616823726952e-08 8.812650630106014e-08 -2.3209616823726952e-08 5.7333835061599674e-07 1.8724241564106344e-08 8.8126506301060193e-08 1.8724241564106344e-08 3.9518314241743317e-07</rotation_covariance>
        <location_covariance>1.7648235172267108e-05 9.8744794077510578e-07 -1.5358536247953291e-06 9.8744794077510578e-07 2.9558251929277655e-05 2.5974018837320097e-06 -1.5358536247953291e-06 2.5974018837320097e-06 1.692297176932597e-05</location_covariance>
      </camera>
      <camera id="803" sensor_id="0" component_id="4" label="20_DSC0298">
        <transform>-0.82345771411981084 -0.0059360411252630278 0.56734659289744127 -5.7992489023817591 -0.010279569604315888 -0.9996250518180344 -0.025378853924911331 -0.54079605458094249 0.56728451724450035 -0.026730491831449064 0.82308794019905507 1.4832106904640916 0 0 0 1</transform>
        <rotation_covariance>1.5160712695711018e-06 2.2394537269999697e-08 6.700502713699919e-08 2.2394537269999707e-08 7.2454187002976342e-07 -2.6133041785881686e-09 6.7005027136999243e-08 -2.6133041785881645e-09 4.4627267772841526e-07</rotation_covariance>
        <location_covariance>2.1190607941791488e-05 9.0193396468150996e-07 -3.6861170606470965e-06 9.0193396468150996e-07 3.695316590403189e-05 1.318403217962462e-06 -3.6861170606470965e-06 1.318403217962462e-06 2.0976287831299516e-05</location_covariance>
      </camera>
      <camera id="804" sensor_id="0" component_id="4" label="20_DSC0307">
        <transform>-0.80890445599732907 -0.006227725885174451 0.58790713254557736 -5.4546771402227776 -0.011315161759156908 -0.99959379809802007 -0.026157330107226512 -0.5363358125626656 0.58783122423194623 -0.027811045184843924 0.80850540974300089 2.5989493278806131 0 0 0 1</transform>
        <rotation_covariance>1.1419884627328306e-06 3.4079709442103673e-08 1.5041686610596579e-07 3.4079709442103667e-08 8.8785993568760497e-07 1.7052932772901726e-09 1.5041686610596589e-07 1.7052932772901618e-09 4.4568305601164964e-07</rotation_covariance>
        <location_covariance>2.10690630070685e-05 2.7045266699633752e-06 -2.1717455157767863e-06 2.7045266699633752e-06 2.3719843413321331e-05 1.9091392259169262e-06 -2.1717455157767863e-06 1.9091392259169262e-06 1.9440239106689862e-05</location_covariance>
      </camera>
      <camera id="805" sensor_id="0" component_id="4" label="20_DSC0316">
        <transform>-0.82647761571509815 -0.0053756986150165428 0.56294391602209137 -5.2522518451083204 -0.012668771260926838 -0.99952359027314941 -0.028144177412260236 -0.53205773252256527 0.56282701868036256 -0.03039234034876219 0.82601577024382522 3.3575823688216664 0 0 0 1</transform>
        <rotation_covariance>9.6624061314009565e-07 1.2605287066115856e-08 1.5756462332839333e-07 1.2605287066115856e-08 1.0234256572567645e-06 -1.7699336381775272e-08 1.5756462332839338e-07 -1.7699336381775269e-08 4.8823839987168383e-07</rotation_covariance>
        <location_covariance>2.0415622009584532e-05 3.2435746169708238e-06 -1.0293885135887855e-06 3.2435746169708238e-06 2.0702848186279946e-05 1.1200973152577494e-06 -1.0293885135887855e-06 1.1200973152577494e-06 1.9616775968004177e-05</location_covariance>
      </camera>
      <camera id="806" sensor_id="0" component_id="4" label="20_DSC0325">
        <transform>-0.81114930822724052 -0.0049144908446455554 0.58481847400899245 -4.9845180097260986 -0.0088488414862730701 -0.99974709424175701 -0.020674756576908773 -0.51582561570807905 0.58477217595130115 -0.021945280469875643 0.81090067634592544 4.2357092613947813 0 0 0 1</transform>
        <rotation_covariance>1.1559571518876885e-06 1.4919652808546247e-07 4.4724303280956208e-08 1.4919652808546249e-07 1.7207046964807484e-06 -7.6483780969505594e-08 4.4724303280956155e-08 -7.6483780969505581e-08 6.4752117415147013e-07</rotation_covariance>
        <location_covariance>2.1262299833476638e-05 2.8175644831731707e-06 7.6492469799086358e-08 2.8175644831731707e-06 2.1169282194396106e-05 3.7415150777983196e-07 7.6492469799086358e-08 3.7415150777983196e-07 2.3313713413057262e-05</location_covariance>
      </camera>
      <camera id="807" sensor_id="0" component_id="4" label="20_DSC0334">
        <transform>-0.81442562622564796 -0.013050111877331929 0.58012118900015153 -4.7466234088750126 -0.0067192297125303613 -0.99946795055780158 -0.031916575001992381 -0.49612412853189947 0.58022905071965403 -0.029891644112973847 0.81390462482602433 5.0925734421038662 0 0 0 1</transform>
        <rotation_covariance>9.5227402797791528e-05 -6.7811392711985833e-05 -2.6005570911218419e-05 -6.7811392711985847e-05 5.9175447046176128e-05 1.8264676189830843e-05 -2.6005570911218419e-05 1.826467618983085e-05 9.5155503590411938e-06</rotation_covariance>
        <location_covariance>0.00010934282668266759 8.7064487271437546e-05 2.3820091274110244e-05 8.7064487271437546e-05 0.00011213138464253125 2.2820198340563054e-05 2.3820091274110244e-05 2.2820198340563054e-05 4.6738802222944756e-05</location_covariance>
      </camera>
      <camera id="808" sensor_id="0" label="20_DSC0343"/>
      <camera id="809" sensor_id="0" component_id="4" label="20_DSC0352">
        <transform>-0.80842448278044587 -0.0043171073292188854 0.58858407914713129 -3.6979735003425649 -0.010854322421792097 -0.99969371440480537 -0.022240977143263778 -0.48616844616671007 0.58849982100756193 -0.024368831810971658 0.80813001473168655 4.1249955720682578 0 0 0 1</transform>
        <rotation_covariance>1.0250734627030835e-06 6.6406847566209094e-08 5.2236879924659974e-08 6.6406847566209094e-08 1.6870877654002858e-06 5.4770065085679359e-08 5.2236879924660001e-08 5.4770065085679352e-08 5.4440302498219091e-07</rotation_covariance>
        <location_covariance>1.898636024846472e-05 2.2767558708806129e-06 -1.6304736507372415e-09 2.2767558708806129e-06 1.7455674824830803e-05 -8.9860043153251578e-07 -1.6304736507372415e-09 -8.9860043153251578e-07 1.678490748757056e-05</location_covariance>
      </camera>
      <camera id="810" sensor_id="0" component_id="4" label="20_DSC0361">
        <transform>-0.80782832484395062 -0.0038718745787038669 0.58940512906409637 -4.0852420851446443 -0.011738040376534652 -0.99967443314297533 -0.022654936071214764 -0.49589180566080088 0.58930095535976867 -0.025219760258947121 0.80751987449507712 3.3222944463974606 0 0 0 1</transform>
        <rotation_covariance>9.8321660286000996e-07 1.0387819054515314e-07 8.7438198073545299e-08 1.0387819054515314e-07 8.9811935394351819e-07 -3.2037101744994515e-08 8.7438198073545246e-08 -3.2037101744994508e-08 4.3509531922648744e-07</rotation_covariance>
        <location_covariance>1.7429362151374138e-05 1.8281722725577601e-06 -4.7071280687929205e-08 1.8281722725577601e-06 1.5978409232871767e-05 1.1320967124316459e-06 -4.7071280687929205e-08 1.1320967124316459e-06 1.4268941220629281e-05</location_covariance>
      </camera>
      <camera id="811" sensor_id="0" component_id="4" label="20_DSC0370">
        <transform>-0.82251048302764818 -0.0038596288374615831 0.56873685354024783 -4.4399804515548462 -0.013243189585266754 -0.99957588576211331 -0.025935815631964065 -0.51669196493831693 0.5685957467649867 -0.028864370218724289 0.82211053082456209 2.6161554683456774 0 0 0 1</transform>
        <rotation_covariance>9.3755219612705711e-07 3.2343479347999686e-08 9.4037115098682598e-08 3.2343479347999692e-08 8.6520440161470872e-07 -9.4722201319612094e-09 9.4037115098682505e-08 -9.4722201319612144e-09 3.8100614331910424e-07</rotation_covariance>
        <location_covariance>1.8093205968142293e-05 1.7145967242189786e-06 -8.3394506220373033e-07 1.7145967242189786e-06 1.6379479408806775e-05 1.2662580170862037e-06 -8.3394506220373033e-07 1.2662580170862037e-06 1.3230437972038045e-05</location_covariance>
      </camera>
      <camera id="812" sensor_id="0" component_id="4" label="20_DSC0379">
        <transform>-0.80857632931649737 -0.005094990720770104 0.58836923843672717 -4.4871507329537241 -0.0093479428239272473 -0.99972506564450903 -0.021503699380388153 -0.50205335283321273 0.5883170366681727 -0.022887424311984289 0.80830639622258516 1.556836555408649 0 0 0 1</transform>
        <rotation_covariance>1.1974485200025504e-06 6.252988057042737e-08 6.0538383303302695e-08 6.2529880570427383e-08 6.3131238212093991e-07 -1.1014306648621579e-08 6.0538383303302668e-08 -1.1014306648621582e-08 3.7022757092840277e-07</rotation_covariance>
        <location_covariance>1.6680037052881969e-05 3.0817598300931449e-07 -1.5453245057332418e-06 3.0817598300931449e-07 2.2195345236864446e-05 1.5548958251012627e-06 -1.5453245057332418e-06 1.5548958251012627e-06 1.3522461931888689e-05</location_covariance>
      </camera>
      <camera id="813" sensor_id="0" component_id="4" label="20_DSC0388">
        <transform>-0.82097362654910078 -0.0061427096751529506 0.57093307105882851 -4.8103187695058454 -0.010689698987298265 -0.99960150066939057 -0.026126044382254396 -0.52225987860961887 0.57086603931778912 -0.027551896075394829 0.82058080539107925 0.58627399431694938 0 0 0 1</transform>
        <rotation_covariance>2.2260231167713166e-06 1.5497773781315398e-07 2.5247806479801575e-08 1.5497773781315396e-07 7.8927861060907474e-07 -2.7839144107815034e-08 2.5247806479801707e-08 -2.783914410781504e-08 4.2325670093706428e-07</rotation_covariance>
