{
  "camera_model": "OPENCV",
  "frames": [
    {
      "file_path": "images/frame_00007.jpg",
      "w": 684,
      "h": 1024,
      "fl_x": 350.41100113602533,
      "fl_y": 350.41100113602533,
      "cx": 342.5683121123288,
      "cy": 511.3341668407641,
      "k1": -0.03364928460212668,
      "k2": 0.008088314216939308,
      "k3": -0.00032575844569464275,
      "k4": 0.0,
      "p1": 0.00013248765042335402,
      "p2": -0.00043094049868545956,
      "transform_matrix": [
        [
          0.0,
          -0.0,
          1.0,
          0.0
        ],
        [
          1.0,
          -0.0,
          -0.0,
          0.0
        ],
        [
          0.0,
          1.0,
          -0.0,
          0.0
        ],
        [
          0.0,
          -0.0,
          -0.0,
          1.0
        ]
      ]
    },
    {
      "file_path": "images/frame_00010.jpg",
      "w": 684,
      "h": 1024,
      "fl_x": 350.41100113602533,
      "fl_y": 350.41100113602533,
      "cx": 342.5683121123288,
      "cy": 511.3341668407641,
      "k1": -0.03364928460212668,
      "k2": 0.008088314216939308,
      "k3": -0.00032575844569464275,
      "k4": 0.0,
      "p1": 0.00013248765042335402,
      "p2": -0.00043094049868545956,
      "transform_matrix": [
        [
          0.015865351393368674,
          0.0014397119746969809,
          0.9998731008756037,
          -4.04686104180831
        ],
        [
          0.9998681680648676,
          0.0034326001905321452,
          -0.015870215705468586,
          1.1635295780039123
        ],
        [
          -0.0034550131361657495,
          0.9999930722186842,
          -0.0013850627664651442,
          0.16568223264119136
        ],
        [
          0.0,
          -0.0,
          -0.0,
          1.0
        ]
      ]
    },
    {
      "file_path": "images/frame_00013.jpg",
      "w": 684,
      "h": 1024,
      "fl_x": 350.41100113602533,
      "fl_y": 350.41100113602533,
      "cx": 342.5683121123288,
      "cy": 511.3341668407641,
      "k1": -0.03364928460212668,
      "k2": 0.008088314216939308,
      "k3": -0.00032575844569464275,
      "k4": 0.0,
      "p1": 0.00013248765042335402,
      "p2": -0.00043094049868545956,
      "transform_matrix": [
        [
          0.6150022081919767,
          0.025548222828679377,
          -0.7881113958250376,
          -3.546935006014284
        ],
        [
          -0.7885194578734563,
          0.016050432109011636,
          -0.6148003319648296,
          -12.13303920173495
        ],
        [
          -0.003057527423155182,
          0.9995447323353827,
          0.030016322003977164,
          -0.6693880273458286
        ],
        [
          0.0,
          -0.0,
          -0.0,
          1.0
        ]
      ]
    },
    {
      "file_path": "images/frame_00016.jpg",
      "w": 684,
      "h": 1024,
      "fl_x": 350.41100113602533,
      "fl_y": 350.41100113602533,
      "cx": 342.5683121123288,
      "cy": 511.3341668407641,
      "k1": -0.03364928460212668,
      "k2": 0.008088314216939308,
      "k3": -0.00032575844569464275,
      "k4": 0.0,
      "p1": 0.00013248765042335402,
      "p2": -0.00043094049868545956,
      "transform_matrix": [
        [
          0.6026384767872495,
          0.02711290934961899,
          -0.797553607252919,
          -0.9431710438976423
        ],
        [
          -0.797990593885451,
          0.012766449249092815,
          -0.6025346710720609,
          -11.080181818768823
        ],
        [
          -0.006154540266353925,
          0.9995508530936137,
          0.029329400163319697,
          -0.6422476851155315
        ],
        [
          0.0,
          -0.0,
          -0.0,
          1.0
        ]
      ]
    },
    {
      "file_path": "images/frame_00019.jpg",
      "w": 684,
      "h": 1024,
      "fl_x": 350.41100113602533,
      "fl_y": 350.41100113602533,
      "cx": 342.5683121123288,
      "cy": 511.3341668407641,
      "k1": -0.03364928460212668,
      "k2": 0.008088314216939308,
      "k3": -0.00032575844569464275,
      "k4": 0.0,
      "p1": 0.00013248765042335402,
      "p2": -0.00043094049868545956,
      "transform_matrix": [
        [
          0.5824030042400024,
          0.032580472907226515,
          -0.8122470396605712,
          0.5106382502491029
        ],
        [
          -0.8128334895986268,
          0.010539323980198655,
          -0.5824007562125573,
          -8.486852748158336
        ],
        [
          -0.010414357355991687,
          0.999413545753299,
          0.032620633434680836,
          -0.5753890450443508
        ],
        [
          0.0,
          -0.0,
          -0.0,
          1.0
        ]
      ]
    },
    {
      "file_path": "images/frame_00022.jpg",
      "w": 684,
      "h": 1024,
      "fl_x": 350.41100113602533,
      "fl_y": 350.41100113602533,
      "cx": 342.5683121123288,
      "cy": 511.3341668407641,
      "k1": -0.03364928460212668,
      "k2": 0.008088314216939308,
      "k3": -0.00032575844569464275,
      "k4": 0.0,
      "p1": 0.00013248765042335402,
      "p2": -0.00043094049868545956,
      "transform_matrix": [
        [
          0.5788189575675127,
          0.02387163120290539,
          -0.8151065940011593,
          -2.1370339792018487
        ],
        [
          -0.8154207364478994,
          0.00763757689672559,
          -0.5788183566456006,
          -9.107847099540725
        ],
        [
          -0.007591899052603546,
          0.9996858569785104,
          0.02388619739339019,
          -0.5915903107812378
        ],
        [
          0.0,
          -0.0,
          -0.0,
          1.0
        ]
      ]
    },
    {
      "file_path": "images/frame_00025.jpg",
      "w": 684,
      "h": 1024,
      "fl_x": 350.41100113602533,
      "fl_y": 350.41100113602533,
      "cx": 342.5683121123288,
      "cy": 511.3341668407641,
      "k1": -0.03364928460212668,
      "k2": 0.008088314216939308,
      "k3": -0.00032575844569464275,
      "k4": 0.0,
      "p1": 0.00013248765042335402,
      "p2": -0.00043094049868545956,
      "transform_matrix": [
        [
          0.5985943707866481,
          0.02148817867978514,
          -0.8007640335576782,
          -4.413893838709265
        ],
        [
          -0.801047337988834,
          0.012540453815572353,
          -0.598469631075047,
          -9.749283712010683
        ],
        [
          -0.0028180779869642486,
          0.9996904496868638,
          0.024719693390781214,
          -0.610578926458227
        ],
        [
          0.0,
          -0.0,
          -0.0,
          1.0
        ]
      ]
    },
    {
      "file_path": "images/frame_00028.jpg",
      "w": 684,
      "h": 1024,
      "fl_x": 350.41100113602533,
      "fl_y": 350.41100113602533,
      "cx": 342.5683121123288,
      "cy": 511.3341668407641,
      "k1": -0.03364928460212668,
      "k2": 0.008088314216939308,
      "k3": -0.00032575844569464275,
      "k4": 0.0,
      "p1": 0.00013248765042335402,
      "p2": -0.00043094049868545956,
      "transform_matrix": [
        [
          0.6058311809791824,
          0.024410265215615887,
          -0.7952186611904124,
          -4.495325410425636
        ],
        [
          -0.7955824550151511,
          0.01338688023690646,
          -0.6056974068869608,
          -8.097813540233165
        ],
        [
          -0.004139737363011981,
          0.9996123900740853,
          0.02753056819136264,
          -0.5758568348582397
        ],
        [
          0.0,
          -0.0,
          -0.0,
          1.0
        ]
      ]
    },
    {
      "file_path": "images/frame_00031.jpg",
      "w": 684,
      "h": 1024,
      "fl_x": 350.41100113602533,
      "fl_y": 350.41100113602533,
      "cx": 342.5683121123288,
      "cy": 511.3341668407641,
      "k1": -0.03364928460212668,
      "k2": 0.008088314216939308,
      "k3": -0.00032575844569464275,
      "k4": 0.0,
      "p1": 0.00013248765042335402,
      "p2": -0.00043094049868545956,
      "transform_matrix": [
        [
          0.5770820250510269,
          0.023879356490751624,
          -0.8163370092655322,
          -1.5878765809605249
        ],
        [
          -0.8166521759527854,
          0.007749746248052358,
          -0.5770781272450655,
          -6.827031872324175
        ],
        [
          -0.007453849648798305,
          0.9996848092107227,
          0.0239733676969823,
          -0.5496310088173655
        ],
        [
          0.0,
          -0.0,
          -0.0,
          1.0
        ]
      ]
    },
    {
      "file_path": "images/frame_00034.jpg",
      "w": 684,
      "h": 1024,
      "fl_x": 350.41100113602533,
      "fl_y": 350.41100113602533,
      "cx": 342.5683121123288,
      "cy": 511.3341668407641,
      "k1": -0.03364928460212668,
      "k2": 0.008088314216939308,
      "k3": -0.00032575844569464275,
      "k4": 0.0,
      "p1": 0.00013248765042335402,
      "p2": -0.00043094049868545956,
      "transform_matrix": [
        [
          0.5672845172445004,
          0.026730491831449064,
          -0.8230879401990551,
          1.4832106904640916
        ],
        [
          -0.8234577141198108,
          0.005936041125263028,
          -0.5673465928974413,
          -5.799248902381759
        ],
        [
          -0.010279569604315888,
          0.9996250518180344,
          0.02537885392491133,
          -0.5407960545809425
        ],
        [
          0.0,
          -0.0,
          -0.0,
          1.0
        ]
      ]
    },
    {
      "file_path": "images/frame_00037.jpg",
      "w": 684,
      "h": 1024,
      "fl_x": 350.41100113602533,
      "fl_y": 350.41100113602533,
      "cx": 342.5683121123288,
      "cy": 511.3341668407641,
      "k1": -0.03364928460212668,
      "k2": 0.008088314216939308,
      "k3": -0.00032575844569464275,
      "k4": 0.0,
      "p1": 0.00013248765042335402,
      "p2": -0.00043094049868545956,
      "transform_matrix": [
        [
          0.5847721759513012,
          0.021945280469875643,
          -0.8109006763459254,
          4.235709261394781
        ],
        [
          -0.8111493082272405,
          0.004914490844645555,
          -0.5848184740089925,
          -4.984518009726099
        ],
        [
          -0.00884884148627307,
          0.999747094241757,
          0.020674756576908773,
          -0.515825615708079
        ],
        [
          0.0,
          -0.0,
          -0.0,
          1.0
        ]
      ]
    },
    {
      "file_path": "images/frame_00041.jpg",
      "w": 684,
      "h": 1024,
      "fl_x": 350.41100113602533,
      "fl_y": 350.41100113602533,
      "cx": 342.5683121123288,
      "cy": 511.3341668407641,
      "k1": -0.03364928460212668,
      "k2": 0.008088314216939308,
      "k3": -0.00032575844569464275,
      "k4": 0.0,
      "p1": 0.00013248765042335402,
      "p2": -0.00043094049868545956,
      "transform_matrix": [
        [
          0.5893009553597687,
          0.02521976025894712,
          -0.8075198744950771,
          3.3222944463974606
        ],
        [
          -0.8078283248439506,
          0.003871874578703867,
          -0.5894051290640964,
          -4.085242085144644
        ],
        [
          -0.011738040376534652,
          0.9996744331429753,
          0.022654936071214764,
          -0.4958918056608009
        ],
        [
          0.0,
          -0.0,
          -0.0,
          1.0
        ]
      ]
    },
    {
      "file_path": "images/frame_00044.jpg",
      "w": 684,
      "h": 1024,
      "fl_x": 350.41100113602533,
      "fl_y": 350.41100113602533,
      "cx": 342.5683121123288,
      "cy": 511.3341668407641,
      "k1": -0.03364928460212668,
      "k2": 0.008088314216939308,
      "k3": -0.00032575844569464275,
      "k4": 0.0,
      "p1": 0.00013248765042335402,
      "p2": -0.00043094049868545956,
      "transform_matrix": [
        [
          0.5708660393177891,
          0.02755189607539483,
          -0.8205808053910792,
          0.5862739943169494
        ],
        [
          -0.8209736265491008,
          0.006142709675152951,
          -0.5709330710588285,
          -4.810318769505845
        ],
        [
          -0.010689698987298265,
          0.9996015006693906,
          0.026126044382254396,
          -0.5222598786096189
        ],
        [
          0.0,
          -0.0,
          -0.0,
          1.0
        ]
      ]
    },
    {
      "file_path": "images/frame_00047.jpg",
      "w": 684,
      "h": 1024,
      "fl_x": 350.41100113602533,
      "fl_y": 350.41100113602533,
      "cx": 342.5683121123288,
      "cy": 511.3341668407641,
      "k1": -0.03364928460212668,
      "k2": 0.008088314216939308,
      "k3": -0.00032575844569464275,
      "k4": 0.0,
      "p1": 0.00013248765042335402,
      "p2": -0.00043094049868545956,
      "transform_matrix": [
        [
          0.5512434287425305,
          0.02167610284541565,
          -0.834062844654774,
          -1.6944880667021789
        ],
        [
          -0.8343274066953489,
          0.007928989062015807,
          -0.5512122182693949,
          -5.594636229174952
        ],
        [
          -0.00533485756055558,
          0.9997336033653615,
          0.022455769791284844,
          -0.5112311341166139
        ],
        [
          0.0,
          -0.0,
          -0.0,
          1.0
        ]
      ]
    },
    {
      "file_path": "images/frame_00067.jpg",
      "w": 684,
      "h": 1024,
      "fl_x": 350.41100113602533,
      "fl_y": 350.41100113602533,
      "cx": 342.5683121123288,
      "cy": 511.3341668407641,
      "k1": -0.03364928460212668,
      "k2": 0.008088314216939308,
      "k3": -0.00032575844569464275,
      "k4": 0.0,
      "p1": 0.00013248765042335402,
      "p2": -0.00043094049868545956,
      "transform_matrix": [
        [
          0.6185076297696357,
          0.023806110900194133,
          -0.7854180931201896,
          2.160579461691573
        ],
        [
          -0.7857787282495456,
          0.01833187911373302,
          -0.6182359844255961,
          -2.5712107294754034
        ],
        [
          -0.0003196048709083743,
          0.9995485037215388,
          0.03004474264758095,
          -0.47321383439436376
        ],
        [
          0.0,
          -0.0,
          -0.0,
          1.0
        ]
      ]
    },
    {
      "file_path": "images/frame_00070.jpg",
      "w": 684,
      "h": 1024,
      "fl_x": 350.41100113602533,
      "fl_y": 350.41100113602533,
      "cx": 342.5683121123288,
      "cy": 511.3341668407641,
      "k1": -0.03364928460212668,
      "k2": 0.008088314216939308,
      "k3": -0.00032575844569464275,
      "k4": 0.0,
      "p1": 0.00013248765042335402,
      "p2": -0.00043094049868545956,
      "transform_matrix": [
        [
          0.5548045153660799,
          0.01324123427292688,
          -0.8318753629266457,
          1.5998933624505032
        ],
        [
          -0.8318843524333264,
          0.024048301280768312,
          -0.554427726022152,
          -0.8601134129833712
        ],
        [
          0.01266388194804306,
          0.9996231034347091,
          0.02435728173600589,
          -0.46347902261399315
        ],
        [
          0.0,
          -0.0,
          -0.0,
          1.0
        ]
      ]
    },
    {
      "file_path": "images/frame_00073.jpg",
      "w": 684,
      "h": 1024,
      "fl_x": 350.41100113602533,
      "fl_y": 350.41100113602533,
      "cx": 342.5683121123288,
      "cy": 511.3341668407641,
      "k1": -0.03364928460212668,
      "k2": 0.008088314216939308,
      "k3": -0.00032575844569464275,
      "k4": 0.0,
      "p1": 0.00013248765042335402,
      "p2": -0.00043094049868545956,
      "transform_matrix": [
        [
          0.5699408695207737,
          0.015859928880085323,
          -0.8215326335002305,
          0.22978274387015124
        ],
        [
          -0.8216610396588327,
          0.018747992930585933,
          -0.5696680161882375,
          0.23397815683194814
        ],
        [
          0.006367193783103214,
          0.9996984422399556,
          0.02371673304515386,
          -0.4735102014444904
        ],
        [
          0.0,
          -0.0,
          -0.0,
          1.0
        ]
      ]
    },
    {
      "file_path": "images/frame_00076.jpg",
      "w": 684,
      "h": 1024,
      "fl_x": 350.41100113602533,
      "fl_y": 350.41100113602533,
      "cx": 342.5683121123288,
      "cy": 511.3341668407641,
      "k1": -0.03364928460212668,
      "k2": 0.008088314216939308,
      "k3": -0.00032575844569464275,
      "k4": 0.0,
      "p1": 0.00013248765042335402,
      "p2": -0.00043094049868545956,
      "transform_matrix": [
        [
          0.5637212509847827,
          0.023070440059973853,
          -0.8256428440818647,
          1.5728920061225047
        ],
        [
          -0.8259554027187643,
          0.020589937872793736,
          -0.5633593233257765,
          1.3226377240789378
        ],
        [
          0.004002987363747528,
          0.9995217902846505,
          0.03066214014598563,
          -0.4494061555352824
        ],
        [
          0.0,
          -0.0,
          -0.0,
          1.0
        ]
      ]
    },
    {
      "file_path": "images/frame_00079.jpg",
      "w": 684,
      "h": 1024,
      "fl_x": 350.41100113602533,
      "fl_y": 350.41100113602533,
      "cx": 342.5683121123288,
      "cy": 511.3341668407641,
      "k1": -0.03364928460212668,
      "k2": 0.008088314216939308,
      "k3": -0.00032575844569464275,
      "k4": 0.0,
      "p1": 0.00013248765042335402,
      "p2": -0.00043094049868545956,
      "transform_matrix": [
        [
          -0.5862780464950456,
          -0.033821294850738495,
          0.8094035904371641,
          0.5036655253842266
        ],
        [
          0.8100834205563807,
          -0.03255414280205745,
          0.5854101805794779,
          0.990376697073552
        ],
        [
          0.0065501097415868745,
          0.9988975662204023,
          0.04648384946764326,
          -0.45750235580584186
        ],
        [
          0.0,
          -0.0,
          -0.0,
          1.0
        ]
      ]
    },
    {
      "file_path": "images/frame_00082.jpg",
      "w": 684,
      "h": 1024,
      "fl_x": 350.41100113602533,
      "fl_y": 350.41100113602533,
      "cx": 342.5683121123288,
      "cy": 511.3341668407641,
      "k1": -0.03364928460212668,
      "k2": 0.008088314216939308,
      "k3": -0.00032575844569464275,
      "k4": 0.0,
      "p1": 0.00013248765042335402,
      "p2": -0.00043094049868545956,
      "transform_matrix": [
        [
          -0.5732253397660514,
          -0.046006658633808775,
          0.8181051871314882,
          -0.8481041995888489
        ],
        [
          0.81930853028246,
          -0.04691651987116087,
          0.5714301115355873,
          -0.5785563612787992
        ],
        [
          0.0120930581942572,
          0.9978387783226966,
          0.06458738591225963,
          -0.4876892461543586
        ],
        [
          0.0,
          -0.0,
          -0.0,
          1.0
        ]
      ]
    },
    {
      "file_path": "images/frame_00085.jpg",
      "w": 684,
      "h": 1024,
      "fl_x": 350.41100113602533,
      "fl_y": 350.41100113602533,
      "cx": 342.5683121123288,
      "cy": 511.3341668407641,
      "k1": -0.03364928460212668,
      "k2": 0.008088314216939308,
      "k3": -0.00032575844569464275,
      "k4": 0.0,
      "p1": 0.00013248765042335402,
      "p2": -0.00043094049868545956,
      "transform_matrix": [
        [
          -0.5898334584384786,
          -0.0433709716421481,
          0.806359380255057,
          -0.4386322670262413
        ],
        [
          0.8075241534543884,
          -0.03030602574628974,
          0.5890554187775868,
          -2.053519274415397
        ],
        [
          -0.0011103577246843856,
          0.9985992707899808,
          0.05289861513727969,
          -0.49041615893619456
        ],
        [
          0.0,
          -0.0,
          -0.0,
          1.0
        ]
      ]
    },
    {
      "file_path": "images/frame_00088.jpg",
      "w": 684,
      "h": 1024,
      "fl_x": 350.41100113602533,
      "fl_y": 350.41100113602533,
      "cx": 342.5683121123288,
      "cy": 511.3341668407641,
      "k1": -0.03364928460212668,
      "k2": 0.008088314216939308,
      "k3": -0.00032575844569464275,
      "k4": 0.0,
      "p1": 0.00013248765042335402,
      "p2": -0.00043094049868545956,
      "transform_matrix": [
        [
          -0.5891895133995007,
          -0.033194350195140665,
          0.8073127351994279,
          1.7917716525685805
        ],
        [
          0.80794670520725,
          -0.03511381336320653,
          0.5882084168522611,
          -2.652935928507641
        ],
        [
          0.00882263253280925,
          0.9988318953789047,
          0.04750795648072807,
          -0.4690822747942875
        ],
        [
          0.0,
          -0.0,
          -0.0,
          1.0
        ]
      ]
    },
    {
      "file_path": "images/frame_00091.jpg",
      "w": 684,
      "h": 1024,
      "fl_x": 350.41100113602533,
      "fl_y": 350.41100113602533,
      "cx": 342.5683121123288,
      "cy": 511.3341668407641,
      "k1": -0.03364928460212668,
      "k2": 0.008088314216939308,
      "k3": -0.00032575844569464275,
      "k4": 0.0,
      "p1": 0.00013248765042335402,
      "p2": -0.00043094049868545956,
      "transform_matrix": [
        [
          -0.594598649496338,
          -0.03221004890394194,
          0.8033772207168539,
          3.61608164207065
        ],
        [
          0.8036722653549628,
          -0.05330614659246124,
          0.5926797994150677,
          -4.063906153913684
        ],
        [
          0.0237346985730389,
          0.9980585992240474,
          0.05758208574355693,
          -0.4869761427466137
        ],
        [
          0.0,
          -0.0,
          -0.0,
          1.0
        ]
      ]
    },
    {
      "file_path": "images/frame_00094.jpg",
      "w": 684,
      "h": 1024,
      "fl_x": 350.41100113602533,
      "fl_y": 350.41100113602533,
      "cx": 342.5683121123288,
      "cy": 511.3341668407641,
      "k1": -0.03364928460212668,
      "k2": 0.008088314216939308,
      "k3": -0.00032575844569464275,
      "k4": 0.0,
      "p1": 0.00013248765042335402,
      "p2": -0.00043094049868545956,
      "transform_matrix": [
        [
          -0.5843909501534528,
          -0.033544177926112154,
          0.8107786414959426,
          0.9329838077771493
        ],
        [
          0.8110868803094036,
          -0.05493475486800816,
          0.5823403174240567,
          -5.282467990321041
        ],
        [
          0.02500579870157504,
          0.9979263303645484,
          0.0593106162203957,
          -0.4985706752312552
        ],
        [
          0.0,
          -0.0,
          -0.0,
          1.0
        ]
      ]
    },
    {
      "file_path": "images/frame_00106.jpg",
      "w": 684,
      "h": 1024,
      "fl_x": 350.41100113602533,
      "fl_y": 350.41100113602533,
      "cx": 342.5683121123288,
      "cy": 511.3341668407641,
      "k1": -0.03364928460212668,
      "k2": 0.008088314216939308,
      "k3": -0.00032575844569464275,
      "k4": 0.0,
      "p1": 0.00013248765042335402,
      "p2": -0.00043094049868545956,
      "transform_matrix": [
        [
          -0.5747055238343511,
          -0.0726226646076178,
          0.8151315902721316,
          -6.860946269175815
        ],
        [
          0.8182091308184922,
          -0.03184746453477381,
          0.5740379405997076,
          -4.965794475957322
        ],
        [
          -0.015728290419854588,
          0.996850885332403,
          0.07772344107457471,
          -0.5226077292010904
        ],
        [
          0.0,
          -0.0,
          -0.0,
          1.0
        ]
      ]
    },
    {
      "file_path": "images/frame_00109.jpg",
      "w": 684,
      "h": 1024,
      "fl_x": 350.41100113602533,
      "fl_y": 350.41100113602533,
      "cx": 342.5683121123288,
      "cy": 511.3341668407641,
      "k1": -0.03364928460212668,
      "k2": 0.008088314216939308,
      "k3": -0.00032575844569464275,
      "k4": 0.0,
      "p1": 0.00013248765042335402,
      "p2": -0.00043094049868545956,
      "transform_matrix": [
        [
          -0.6380149283524901,
          -0.0380769157394799,
          0.7690819850231417,
          -6.14978487778328
        ],
        [
          0.7700239730008369,
          -0.03131643526517822,
          0.6372459194740193,
          -3.2028735198003275
        ],
        [
          -0.00017945298354763578,
          0.9987839753270227,
          0.04930049113930095,
          -0.5480167833251831
        ],
        [
          0.0,
          -0.0,
          -0.0,
          1.0
        ]
      ]
    },
    {
      "file_path": "images/frame_00112.jpg",
      "w": 684,
      "h": 1024,
      "fl_x": 350.41100113602533,
      "fl_y": 350.41100113602533,
      "cx": 342.5683121123288,
      "cy": 511.3341668407641,
      "k1": -0.03364928460212668,
      "k2": 0.008088314216939308,
      "k3": -0.00032575844569464275,
      "k4": 0.0,
      "p1": 0.00013248765042335402,
      "p2": -0.00043094049868545956,
      "transform_matrix": [
        [
          -0.6238244274685709,
          -0.026744997641133014,
          0.7811067716994176,
          -6.702127822972448
        ],
        [
          0.7813657892194523,
          -0.04387750607572834,
          0.6225289293663683,
          -1.9940899864436217
        ],
        [
          0.0176234823735933,
          0.998678862078171,
          0.04826948629597655,
          -0.540424265481716
        ],
        [
          0.0,
          -0.0,
          -0.0,
          1.0
        ]
      ]
    },
    {
      "file_path": "images/frame_00120.jpg",
      "w": 684,
      "h": 1024,
      "fl_x": 350.41100113602533,
      "fl_y": 350.41100113602533,
      "cx": 342.5683121123288,
      "cy": 511.3341668407641,
      "k1": -0.03364928460212668,
      "k2": 0.008088314216939308,
      "k3": -0.00032575844569464275,
      "k4": 0.0,
      "p1": 0.00013248765042335402,
      "p2": -0.00043094049868545956,
      "transform_matrix": [
        [
          -0.5632977131471621,
          -0.029833501343245875,
          0.8257152345456515,
          -0.20168492271167157
        ],
        [
          0.8258671834088174,
          -0.050905480166801687,
          0.5615621314310428,
          -7.057380903526938
        ],
        [
          0.025280065893225637,
          0.9982577794771201,
          0.053313450290187116,
          -0.5303514892195089
        ],
        [
          0.0,
          -0.0,
          -0.0,
          1.0
        ]
      ]
    },
    {
      "file_path": "images/frame_00123.jpg",
      "w": 684,
      "h": 1024,
      "fl_x": 350.41100113602533,
      "fl_y": 350.41100113602533,
      "cx": 342.5683121123288,
      "cy": 511.3341668407641,
      "k1": -0.03364928460212668,
      "k2": 0.008088314216939308,
      "k3": -0.00032575844569464275,
      "k4": 0.0,
      "p1": 0.00013248765042335402,
      "p2": -0.00043094049868545956,
      "transform_matrix": [
        [
          -0.5893019701076079,
          -0.03156890382544206,
          0.8072958518031368,
          2.627758129059594
        ],
        [
          0.8075905578133425,
          -0.05123963488046485,
          0.5875133962285891,
          -6.231458391006321
        ],
        [
          0.022818390785207462,
          0.998187309140212,
          0.05569036643259777,
          -0.5365079668599158
        ],
        [
          0.0,
          -0.0,
          -0.0,
          1.0
        ]
      ]
    },
    {
      "file_path": "images/frame_00126.jpg",
      "w": 684,
      "h": 1024,
      "fl_x": 350.41100113602533,
      "fl_y": 350.41100113602533,
      "cx": 342.5683121123288,
      "cy": 511.3341668407641,
      "k1": -0.03364928460212668,
      "k2": 0.008088314216939308,
      "k3": -0.00032575844569464275,
      "k4": 0.0,
      "p1": 0.00013248765042335402,
      "p2": -0.00043094049868545956,
      "transform_matrix": [
        [
          -0.5728331060516917,
          -0.03397092733061597,
          0.8189677702495197,
          4.413436903257328
        ],
        [
          0.8194717264479414,
          -0.04582199867392908,
          0.5712848973935489,
          -6.586052328605239
        ],
        [
          0.01811966234792949,
          0.9983718348059629,
          0.054086572294540815,
          -0.5416337114008205
        ],
        [
          0.0,
          -0.0,
          -0.0,
          1.0
        ]
      ]
    },
    {
      "file_path": "images/frame_00129.jpg",
      "w": 684,
      "h": 1024,
      "fl_x": 350.41100113602533,
      "fl_y": 350.41100113602533,
      "cx": 342.5683121123288,
      "cy": 511.3341668407641,
      "k1": -0.03364928460212668,
      "k2": 0.008088314216939308,
      "k3": -0.00032575844569464275,
      "k4": 0.0,
      "p1": 0.00013248765042335402,
      "p2": -0.00043094049868545956,
      "transform_matrix": [
        [
          -0.5863326391922046,
          -0.03716835988132017,
          0.8092172447752433,
          1.103274127921548
        ],
        [
          0.809844822223571,
          -0.050467545978737975,
          0.5844693240201363,
          -7.766301458756303
        ],
        [
          0.019115442332709905,
          0.9980338370148661,
          0.059691373227697464,
          -0.565257741749836
        ],
        [
          0.0,
          -0.0,
          -0.0,
          1.0
        ]
      ]
    },
    {
      "file_path": "images/frame_00132.jpg",
      "w": 684,
      "h": 1024,
      "fl_x": 350.41100113602533,
      "fl_y": 350.41100113602533,
      "cx": 342.5683121123288,
      "cy": 511.3341668407641,
      "k1": -0.03364928460212668,
      "k2": 0.008088314216939308,
      "k3": -0.00032575844569464275,
      "k4": 0.0,
      "p1": 0.00013248765042335402,
      "p2": -0.00043094049868545956,
      "transform_matrix": [
        [
          -0.5990269419909335,
          -0.03711255592190402,
          0.7998683522692553,
          -1.7343872181922768
        ],
        [
          0.8005066031592983,
          -0.051291164630415664,
          0.5971251081048391,
          -8.896535789248382
        ],
        [
          0.018865340371987848,
          0.9979939251437351,
          0.060433635575314525,
          -0.5813057322735914
        ],
        [
          0.0,
          -0.0,
          -0.0,
          1.0
        ]
      ]
    },
    {
      "file_path": "images/frame_00144.jpg",
      "w": 684,
      "h": 1024,
      "fl_x": 350.41100113602533,
      "fl_y": 350.41100113602533,
      "cx": 342.5683121123288,
      "cy": 511.3341668407641,
      "k1": -0.03364928460212668,
      "k2": 0.008088314216939308,
      "k3": -0.00032575844569464275,
      "k4": 0.0,
      "p1": 0.00013248765042335402,
      "p2": -0.00043094049868545956,
      "transform_matrix": [
        [
          -0.6018398100785105,
          -0.024533330971617202,
          0.7982399129811156,
          0.1025395432754641
        ],
        [
          0.7983540313225644,
          -0.0441222736027482,
          0.6005697841576231,
          -10.255770161612048
        ],
        [
          0.02048618255489503,
          0.9987248573273625,
          0.046140824448271715,
          -0.6010662421807806
        ],
        [
          0.0,
          -0.0,
          -0.0,
          1.0
        ]
      ]
    },
    {
      "file_path": "images/frame_00163.jpg",
      "w": 684,
      "h": 1024,
      "fl_x": 350.41100113602533,
      "fl_y": 350.41100113602533,
      "cx": 342.5683121123288,
      "cy": 511.3341668407641,
      "k1": -0.03364928460212668,
      "k2": 0.008088314216939308,
      "k3": -0.00032575844569464275,
      "k4": 0.0,
      "p1": 0.00013248765042335402,
      "p2": -0.00043094049868545956,
      "transform_matrix": [
        [
          0.9599117863896343,
          0.03583348449397718,
          0.27800238081585094,
          -1.4205302231601133
        ],
        [
          0.2772967095763083,
          0.023452068840717467,
          -0.9604980662787631,
          2.1987288947113717
        ],
        [
          -0.040937723537271806,
          0.9990825600800518,
          0.01257540995259215,
          0.17146804379506345
        ],
        [
          0.0,
          -0.0,
          -0.0,
          1.0
        ]
      ]
    },
    {
      "file_path": "images/frame_00166.jpg",
      "w": 684,
      "h": 1024,
      "fl_x": 350.41100113602533,
      "fl_y": 350.41100113602533,
      "cx": 342.5683121123288,
      "cy": 511.3341668407641,
      "k1": -0.03364928460212668,
      "k2": 0.008088314216939308,
      "k3": -0.00032575844569464275,
      "k4": 0.0,
      "p1": 0.00013248765042335402,
      "p2": -0.00043094049868545956,
      "transform_matrix": [
        [
          0.9593213955882369,
          0.056238482549686795,
          0.2766580796708199,
          -6.066337921143742
        ],
        [
          0.27599226300136886,
          0.019434935284502415,
          -0.9609633468836728,
          3.9276744249959545
        ],
        [
          -0.05941995228894305,
          0.9982281885275508,
          0.0031229631736451255,
          0.2103370662200893
        ],
        [
          0.0,
          -0.0,
          -0.0,
          1.0
        ]
      ]
    },
    {
      "file_path": "images/frame_00183.jpg",
      "w": 684,
      "h": 1024,
      "fl_x": 350.41100113602533,
      "fl_y": 350.41100113602533,
      "cx": 342.5683121123288,
      "cy": 511.3341668407641,
      "k1": -0.03364928460212668,
      "k2": 0.008088314216939308,
      "k3": -0.00032575844569464275,
      "k4": 0.0,
      "p1": 0.00013248765042335402,
      "p2": -0.00043094049868545956,
      "transform_matrix": [
        [
          -0.594022467077625,
          0.0030571005034102615,
          -0.8044426410525011,
          -3.3854562424098487
        ],
        [
          -0.8042358339371385,
          -0.02524646612483076,
          0.5937738116148624,
          -8.55175251250655
        ],
        [
          -0.018494107668301736,
          0.9996765827429986,
          0.01745559786525254,
          -0.5909622532991379
        ],
        [
          0.0,
          -0.0,
          -0.0,
          1.0
        ]
      ]
    },
    {
      "file_path": "images/frame_00186.jpg",
      "w": 684,
      "h": 1024,
      "fl_x": 350.41100113602533,
      "fl_y": 350.41100113602533,
      "cx": 342.5683121123288,
      "cy": 511.3341668407641,
      "k1": -0.03364928460212668,
      "k2": 0.008088314216939308,
      "k3": -0.00032575844569464275,
      "k4": 0.0,
      "p1": 0.00013248765042335402,
      "p2": -0.00043094049868545956,
      "transform_matrix": [
        [
          -0.6091477742050202,
          0.004672339873834978,
          -0.7930429738804657,
          -0.5680337473323848
        ],
        [
          -0.7927227143759854,
          -0.03260735623569899,
          0.6087096667802206,
          -7.433002681528293
        ],
        [
          -0.02301493631185257,
          0.9994573175275778,
          0.023566568420960214,
          -0.5327097329691994
        ],
        [
          0.0,
          -0.0,
          -0.0,
          1.0
        ]
      ]
    },
    {
      "file_path": "images/frame_00189.jpg",
      "w": 684,
      "h": 1024,
      "fl_x": 350.41100113602533,
      "fl_y": 350.41100113602533,
      "cx": 342.5683121123288,
      "cy": 511.3341668407641,
      "k1": -0.03364928460212668,
      "k2": 0.008088314216939308,
      "k3": -0.00032575844569464275,
      "k4": 0.0,
      "p1": 0.00013248765042335402,
      "p2": -0.00043094049868545956,
      "transform_matrix": [
        [
          -0.6022184624214938,
          0.009057303181695729,
          -0.7982799563923464,
          2.585377777381404
        ],
        [
          -0.7980577454591505,
          -0.03300637959042344,
          0.6016763364293056,
          -6.451988446068437
        ],
        [
          -0.020898766263820277,
          0.9994141004435586,
          0.02710530212416895,
          -0.5275609238113738
        ],
        [
          0.0,
          -0.0,
          -0.0,
          1.0
        ]
      ]
    },
    {
      "file_path": "images/frame_00192.jpg",
      "w": 684,
      "h": 1024,
      "fl_x": 350.41100113602533,
      "fl_y": 350.41100113602533,
      "cx": 342.5683121123288,
      "cy": 511.3341668407641,
      "k1": -0.03364928460212668,
      "k2": 0.008088314216939308,
      "k3": -0.00032575844569464275,
      "k4": 0.0,
      "p1": 0.00013248765042335402,
      "p2": -0.00043094049868545956,
      "transform_matrix": [
        [
          -0.6098444301549862,
          0.0045510915992563045,
          -0.7925080810781651,
          5.05398704037818
        ],
        [
          -0.7921685652534373,
          -0.0333258164051778,
          0.6093917903822135,
          -5.7449623269163945
        ],
        [
          -0.023637580951766435,
          0.9994341786862122,
          0.02392879521758507,
          -0.5038614191991179
        ],
        [
          0.0,
          -0.0,
          -0.0,
          1.0
        ]
      ]
    },
    {
      "file_path": "images/frame_00195.jpg",
      "w": 684,
      "h": 1024,
      "fl_x": 350.41100113602533,
      "fl_y": 350.41100113602533,
      "cx": 342.5683121123288,
      "cy": 511.3341668407641,
      "k1": -0.03364928460212668,
      "k2": 0.008088314216939308,
      "k3": -0.00032575844569464275,
      "k4": 0.0,
      "p1": 0.00013248765042335402,
      "p2": -0.00043094049868545956,
      "transform_matrix": [
        [
          -0.6026703712377354,
          0.006500528059126376,
          -0.7979637628157825,
          3.3105903583605847
        ],
        [
          -0.797618774149045,
          -0.03541494194658581,
          0.6021213108767157,
          -5.074040872417501
        ],
        [
          -0.024345733859248153,
          0.9993515522687059,
          0.02652847943215364,
          -0.49145934769044025
        ],
        [
          0.0,
          -0.0,
          -0.0,
          1.0
        ]
      ]
    },
    {
      "file_path": "images/frame_00198.jpg",
      "w": 684,
      "h": 1024,
      "fl_x": 350.41100113602533,
      "fl_y": 350.41100113602533,
      "cx": 342.5683121123288,
      "cy": 511.3341668407641,
      "k1": -0.03364928460212668,
      "k2": 0.008088314216939308,
      "k3": -0.00032575844569464275,
      "k4": 0.0,
      "p1": 0.00013248765042335402,
      "p2": -0.00043094049868545956,
      "transform_matrix": [
        [
          -0.6211182955686763,
          0.008176606709998147,
          -0.7836741708213765,
          0.5454287756523915
        ],
        [
          -0.783490314524825,
          -0.030517813416422762,
          0.6206541630490126,
          -5.799359974576518
        ],
        [
          -0.018841177130221515,
          0.9995007784724277,
          0.025361464416653212,
          -0.5117647806208475
        ],
        [
          0.0,
          -0.0,
          -0.0,
          1.0
        ]
      ]
    },
    {
      "file_path": "images/frame_00201.jpg",
      "w": 684,
      "h": 1024,
      "fl_x": 350.41100113602533,
      "fl_y": 350.41100113602533,
      "cx": 342.5683121123288,
      "cy": 511.3341668407641,
      "k1": -0.03364928460212668,
      "k2": 0.008088314216939308,
      "k3": -0.00032575844569464275,
      "k4": 0.0,
      "p1": 0.00013248765042335402,
      "p2": -0.00043094049868545956,
      "transform_matrix": [
        [
          -0.6376784542606768,
          -0.0026168922054778856,
          -0.770298215528829,
          -1.7638030233455515
        ],
        [
          -0.7699296858656607,
