{"default_fov": 75.0, "default_transition_sec": 2.0, "keyframes": [{"matrix": [0.04787830833805706, -1.7778618244257416e-08, -0.9988531761929206, -0.7148740866411369, -0.9988531761929206, -1.8652429711885077e-08, -0.047878308338056674, -0.31164562536627793, -1.777982849837656e-08, 0.9999999999999996, -1.865127607914019e-08, -0.009773110001471014, 0.0, 0.0, 0.0, 1.0], "fov": 75.0, "aspect": 1.0, "override_transition_enabled": false, "override_transition_sec": null}, {"matrix": [0.04787830833805706, -1.7778618244257416e-08, -0.9988531761929206, -0.08469936552957012, -0.9988531761929206, -1.8652429711885077e-08, -0.047878308338056674, -0.28143928441111704, -1.777982849837656e-08, 0.9999999999999996, -1.865127607914019e-08, -0.00977310998580867, 0.0, 0.0, 0.0, 1.0], "fov": 75.0, "aspect": 1.0, "override_transition_enabled": false, "override_transition_sec": null}, {"matrix": [0.9936225838622942, 2.9267356593809524e-09, 0.11275708775424309, 0.2506627740991345, 0.11275708775424312, -3.626828926246717e-08, -0.9936225838622937, 0.15536168180662302, 1.1814360115214306e-09, 0.9999999999999994, -3.6367001479686856e-08, -0.009773102505116857, 0.0, 0.0, 0.0, 1.0], "fov": 75.0, "aspect": 1.0, "override_transition_enabled": false, "override_transition_sec": null}, {"matrix": [-0.09990619602136719, 1.9359731151524784e-08, 0.9949968602948152, -0.12245823768978233, 0.9949968602948152, -1.5899728977863958e-08, 0.09990619602136752, 0.7489939920337625, 1.775433750017541e-08, 0.9999999999999997, -1.7674390284661e-08, -0.009773091653461213, 0.0, 0.0, 0.0, 1.0], "fov": 75.0, "aspect": 1.0, "override_transition_enabled": false, "override_transition_sec": null}, {"matrix": [-0.024793802629461292, -1.7794253515113212e-08, -0.9996925864240321, -0.4398995637430114, -0.9996925864240321, -1.7298806165300107e-08, 0.02479380262946168, 0.4754688095282506, -1.773467550592045e-08, 0.9999999999999998, -1.735988008899625e-08, -0.009773096249083802, 0.0, 0.0, 0.0, 1.0], "fov": 75.0, "aspect": 1.0, "override_transition_enabled": false, "override_transition_sec": null}, {"matrix": [-0.987649337244189, -2.091930975667289e-09, -0.15668052412828792, 0.24352478631188318, -0.15668052412828792, 6.357749882113239e-10, 0.9876493372441888, 0.30480062849243783, -1.9664806588659545e-09, 1.0000000000000002, -9.55687973203112e-10, -0.00977309984508816, 0.0, 0.0, 0.0, 1.0], "fov": 75.0, "aspect": 1.0, "override_transition_enabled": false, "override_transition_sec": null}, {"matrix": [-0.17019701582488633, 1.9181162935755225e-08, 0.985410054649486, 0.2049984254968516, 0.985410054649486, -1.4590460728491905e-08, 0.17019701582488656, -0.5307220713498174, 1.7642163452347148e-08, 0.9999999999999997, -1.6418057802169983e-08, -0.00977311465265405, 0.0, 0.0, 0.0, 1.0], "fov": 75.0, "aspect": 1.0, "override_transition_enabled": false, "override_transition_sec": null}, {"matrix": [-0.9165772917534707, -6.621456022370964e-09, -0.39985755994087935, -0.628619951836644, -0.39985755994087935, -6.880452874113985e-10, 0.9165772917534705, -0.5949611139676058, -6.3441962794286155e-09, 1.0000000000000002, -2.0169929060287473e-09, -0.009773115104618198, 0.0, 0.0, 0.0, 1.0], "fov": 75.0, "aspect": 1.0, "override_transition_enabled": false, "override_transition_sec": null}, {"matrix": [0.07357368716863888, -1.7749497871477615e-08, -0.9972897836418516, -0.1337245925202613, -0.9972897836418516, -1.913104363815421e-08, -0.07357368716863877, -0.546087824109757, -1.7773298166545715e-08, 0.9999999999999998, -1.910893449030837e-08, -0.009773114645614653, 0.0, 0.0, 0.0, 1.0], "fov": 75.0, "aspect": 1.0, "override_transition_enabled": false, "override_transition_sec": null}, {"matrix": [0.7995874613089663, 1.2012579875264606e-08, 0.6005496579946427, 0.4388506651121345, 0.6005496579946428, -3.265410349062581e-08, -0.7995874613089661, -0.3688385537250962, 1.0005302253368598e-08, 0.9999999999999997, -3.3323962506104365e-08, -0.009773111970773407, 0.0, 0.0, 0.0, 1.0], "fov": 75.0, "aspect": 1.0, "override_transition_enabled": false, "override_transition_sec": null}, {"matrix": [-0.034799622479663395, 1.9441640020101403e-08, 0.9993943097072708, -0.1027726933781659, 0.9993943097072708, -1.7112433581267794e-08, 0.03479962247966378, -0.27240170696383603, 1.7778630512221838e-08, 0.9999999999999996, -1.8834358184172117e-08, -0.009773109810358529, 0.0, 0.0, 0.0, 1.0], "fov": 75.0, "aspect": 1.0, "override_transition_enabled": false, "override_transition_sec": null}, {"matrix": [-0.03479962247966306, 1.9441620591198472e-08, 0.9993943097072707, -0.17498801072519468, 0.9993943097072708, -1.7112434025357004e-08, 0.03479962247966367, -0.2749162958068142, 1.7778630456710687e-08, 0.9999999999999996, -1.883433853322458e-08, -0.009773109795335322, 0.0, 0.0, 0.0, 1.0], "fov": 75.0, "aspect": 1.0, "override_transition_enabled": false, "override_transition_sec": null}], "camera_type": "perspective", "render_height": 512.0, "render_width": 512.0, "fps": 30.0, "seconds": 22.0, "is_cycle": false, "smoothness_value": 0.0, "camera_path": [{"camera_to_world": [0.047878308338056785, -1.7778618244257416e-08, -0.9988531761929207, -0.7148740866411369, -0.9988531761929207, -1.865242987841853e-08, -0.04787830833805651, -0.31164562536627793, -1.777982849837656e-08, 0.9999999999999998, -1.8651276245673643e-08, -0.009773110001471014, 0.0, 0.0, 0.0, 1.0], "fov": 75.0, "aspect": 1.0}, {"camera_to_world": [0.047766725585486114, -1.7778717498195817e-08, -0.9988585184733825, -0.7011321537179129, -0.9988585184733825, -1.8650351152338374e-08, -0.04776672558548578, -0.31186319839556964, -1.7779831051889516e-08, 0.9999999999999997, -1.8649289557082227e-08, -0.009773110016692557, 0.0, 0.0, 0.0, 1.0], "fov": 75.0, "aspect": 1.0}, {"camera_to_world": [0.047439538828841, -1.7779008154583664e-08, -0.9988741112651316, -0.687395620662827, -0.9988741112651315, -1.8644257138156206e-08, -0.047439538828840666, -0.31207956940422477, -1.777983799078342e-08, 0.9999999999999996, -1.8643465826695405e-08, -0.009773110031888289, 0.0, 0.0, 0.0, 1.0], "fov": 75.0, "aspect": 1.0}, {"camera_to_world": [0.04690808592329171, -1.7779475780521636e-08, -0.9988992098680489, -0.6736698873440166, -0.998899209868049, -1.8634358112112892e-08, -0.04690808592329132, -0.3122935363716066, -1.7779844430076963e-08, 0.9999999999999996, -1.863400628243639e-08, -0.0097731100470324, 0.0, 0.0, 0.0, 1.0], "fov": 75.0, "aspect": 1.0}, {"camera_to_world": [0.04618369993319582, -1.7780104555331633e-08, -0.9989329636469508, -0.6599603536296198, -0.9989329636469508, -1.8620865627205774e-08, -0.04618369993319554, -0.3125038972770785, -1.7779845318255383e-08, 0.9999999999999998, -1.8621113095917963e-08, -0.009773110062099074, 0.0, 0.0, 0.0, 1.0], "fov": 75.0, "aspect": 1.0}, {"camera_to_world": [0.04527771047246826, -1.7780876993001016e-08, -0.9989744385790715, -0.6462724193877745, -0.9989744385790715, -1.8603990070698018e-08, -0.045277710472468036, -0.31270945010000384, -1.7779833105802112e-08, 0.9999999999999998, -1.8604987717107946e-08, -0.009773110077062504, 0.0, 0.0, 0.0, 1.0], "fov": 75.0, "aspect": 1.0}, {"camera_to_world": [0.044201445011204876, -1.7781774608316425e-08, -0.9990226385117212, -0.6326114844866186, -0.9990226385117212, -1.8583942995586966e-08, -0.04420144501120454, -0.31290899281974605, -1.777979963257792e-08, 0.9999999999999998, -1.8585832595174878e-08, -0.009773110091896875, 0.0, 0.0, 0.0, 1.0], "fov": 75.0, "aspect": 1.0}, {"camera_to_world": [0.04296623011313194, -1.7782778305441838e-08, -0.9990765251320167, -0.6189829487942898, -0.9990765251320166, -1.8560935233224995e-08, -0.04296623011313161, -0.3131013234156683, -1.77797356837317e-08, 0.9999999999999997, -1.856384979070924e-08, -0.00977311010657638, 0.0, 0.0, 0.0, 1.0], "fov": 75.0, "aspect": 1.0}, {"camera_to_world": [0.041583392575013034, -1.7783868266896263e-08, -0.9991350366501779, -0.6053922121789261, -0.9991350366501779, -1.8535177781497936e-08, -0.04158339257501287, -0.31328523986713414, -1.77796318778789e-08, 0.9999999999999998, -1.8539241586346122e-08, -0.009773110121075202, 0.0, 0.0, 0.0, 1.0], "fov": 75.0, "aspect": 1.0}, {"camera_to_world": [0.040064260445269895, -1.7785024397642957e-08, -0.9991971051974547, -0.5918446745086654, -0.9991971051974546, -1.8506882026869675e-08, -0.04006426044526967, -0.31345954015350685, -1.7779479000168408e-08, 0.9999999999999998, -1.8512209543075642e-08, -0.009773110135367533, 0.0, 0.0, 0.0, 1.0], "fov": 75.0, "aspect": 1.0}, {"camera_to_world": [0.03842016390485842, -1.778622693571208e-08, -0.9992616729393373, -0.5783457356516455, -0.9992616729393373, -1.847625791251417e-08, -0.03842016390485803, -0.31362302225414984, -1.777926678103725e-08, 0.9999999999999996, -1.848295561046598e-08, -0.009773110149427559, 0.0, 0.0, 0.0, 1.0], "fov": 75.0, "aspect": 1.0}, {"camera_to_world": [0.03666243599867364, -1.7787457173845667e-08, -0.9993277069043184, -0.5649007954760044, -0.9993277069043184, -1.8443518323696395e-08, -0.03666243599867347, -0.3137744841484264, -1.77789871713685e-08, 0.9999999999999999, -1.8451683236886396e-08, -0.009773110163229473, 0.0, 0.0, 0.0, 1.0], "fov": 75.0, "aspect": 1.0}, {"camera_to_world": [0.03480241321080507, -1.7788695516607334e-08, -0.9993942125281214, -0.5515152538498798, -0.9993942125281213, -1.8408872037856128e-08, -0.034802413210804684, -0.3139127238156999, -1.7778630734266443e-08, 0.9999999999999996, -1.841859242901478e-08, -0.00977311017674746, 0.0, 0.0, 0.0, 1.0], "fov": 75.0, "aspect": 1.0}, {"camera_to_world": [0.032851435881326496, -1.7789925810252072e-08, -0.9994602459130302, -0.5381945106414096, -0.9994602459130302, -1.8372532217814097e-08, -0.03285143588132622, -0.31403653923533376, -1.777819097492639e-08, 0.9999999999999997, -1.8383887745443417e-08, -0.009773110189955709, 0.0, 0.0, 0.0, 1.0], "fov": 75.0, "aspect": 1.0}, {"camera_to_world": [0.030820848466527162, -1.7791130624278395e-08, -0.9995249248016795, -0.5249439657187315, -0.9995249248016795, -1.8334710027989587e-08, -0.03082084846652694, -0.3141447283866913, -1.7777661842632853e-08, 0.9999999999999998, -1.834776985898401e-08, -0.009773110202828408, 0.0, 0.0, 0.0, 1.0], "fov": 75.0, "aspect": 1.0}, {"camera_to_world": [0.028721999648110452, -1.779229497067547e-08, -0.9995874382645141, -0.5117690189499837, -0.9995874382645141, -1.8295615855645764e-08, -0.02872199964811012, -0.3142360892491359, -1.7777037397692652e-08, 0.9999999999999998, -1.8310441329827398e-08, -0.009773110215339748, 0.0, 0.0, 0.0, 1.0], "fov": 75.0, "aspect": 1.0}, {"camera_to_world": [0.02656624230020782, -1.7793405526767003e-08, -0.9996470550999719, -0.49867507020330387, -0.9996470550999719, -1.825546175338033e-08, -0.026566242300207488, -0.3143094198020308, -1.777631464250362e-08, 0.9999999999999996, -1.8272104496119823e-08, -0.009773110227463914, 0.0, 0.0, 0.0, 1.0], "fov": 75.0, "aspect": 1.0}, {"camera_to_world": [0.024364933325901783, -1.779444996907742e-08, -0.9997031309463944, -0.48566751934683, -0.9997031309463944, -1.8214458885612572e-08, -0.02436493332590145, -0.3143635180247396, -1.7775491023552803e-08, 0.9999999999999996, -1.8232961418451765e-08, -0.009773110239175098, 0.0, 0.0, 0.0, 1.0], "fov": 75.0, "aspect": 1.0}, {"camera_to_world": [0.022129433377443608, -1.77954184166218e-08, -0.9997551141046455, -0.47275176624869986, -0.9997551141046455, -1.8172819415962493e-08, -0.022129433377443053, -0.31439718189662547, -1.7774566873907105e-08, 0.9999999999999993, -1.8193214490480614e-08, -0.009773110250447487, 0.0, 0.0, 0.0, 1.0], "fov": 75.0, "aspect": 1.0}, {"camera_to_world": [0.019871106476412825, -1.7796301765571343e-08, -0.9998025500704641, -0.4599332107770513, -0.9998025500704641, -1.8130754952938588e-08, -0.019871106476412548, -0.31440920939705175, -1.777354274867804e-08, 0.9999999999999998, -1.8153066105863758e-08, -0.009773110261255267, 0.0, 0.0, 0.0, 1.0], "fov": 75.0, "aspect": 1.0}, {"camera_to_world": [0.017601319551673766, -1.779709424276632e-08, -0.9998450847756566, -0.4472172528000223, -0.9998450847756566, -1.80884771605605e-08, -0.017601319551673655, -0.314398398505382, -1.777242242262389e-08, 0.9999999999999999, -1.811271843621398e-08, -0.009773110271572632, 0.0, 0.0, 0.0, 1.0], "fov": 75.0, "aspect": 1.0}, {"camera_to_world": [0.015331441914278432, -1.779779029709161e-08, -0.9998824665373569, -0.4346092921857506, -0.9998824665373569, -1.804619692569176e-08, -0.015331441914278043, -0.31436354720097937, -1.7771210225614453e-08, 0.9999999999999996, -1.8072372598432196e-08, -0.009773110281373766, 0.0, 0.0, 0.0, 1.0], "fov": 75.0, "aspect": 1.0}, {"camera_to_world": [0.013072844689230367, -1.7798387874634614e-08, -0.9999145467147335, -0.4221147288023742, -0.9999145467147335, -1.800412779973115e-08, -0.013072844689229979, -0.3143034534632073, -1.7769913762677447e-08, 0.9999999999999997, -1.8032232040887664e-08, -0.00977311029063286, 0.0, 0.0, 0.0, 1.0], "fov": 75.0, "aspect": 1.0}, {"camera_to_world": [0.010836900224506396, -1.779888586517231e-08, -0.999941279072688, -0.4097389625180308, -0.999941279072688, -1.7962479559319178e-08, -0.010836900224505841, -0.31421691527142925, -1.7768540250262532e-08, 0.9999999999999993, -1.799249804701475e-08, -0.0097731102993241, 0.0, 0.0, 0.0, 1.0], "fov": 75.0, "aspect": 1.0}, {"camera_to_world": [0.008634981497656402, -1.7799285212394267e-08, -0.9999627178522879, -0.3974873932008584, -0.9999627178522879, -1.792146586687693e-08, -0.008634981497655736, -0.3141027306050084, -1.7767101401222618e-08, 0.9999999999999994, -1.795337295495969e-08, -0.009773110307421676, 0.0, 0.0, 0.0, 1.0], "fov": 75.0, "aspect": 1.0}, {"camera_to_world": [0.006478461539989544, -1.779958880288035e-08, -0.9999790145478427, -0.3853654207189948, -0.9999790145478427, -1.7881297775801386e-08, -0.006478461539989211, -0.3139596974433082, -1.7765608595343707e-08, 0.9999999999999997, -1.7915058547757212e-08, -0.009773110314899778, 0.0, 0.0, 0.0, 1.0], "fov": 75.0, "aspect": 1.0}, {"camera_to_world": [0.004378712897418424, -1.7799800855478054e-08, -0.9999904133907292, -0.37337844494057804, -0.9999904133907292, -1.7842186728067588e-08, -0.004378712897418091, -0.31378661376569206, -1.7764075543880153e-08, 0.9999999999999997, -1.7877755997819378e-08, -0.009773110321732593, 0.0, 0.0, 0.0, 1.0], "fov": 75.0, "aspect": 1.0}, {"camera_to_world": [0.0023471071459203463, -1.779992819805898e-08, -0.9999972455402288, -0.36153186573374574, -0.9999972455402288, -1.7804344665250937e-08, -0.0023471071459197357, -0.31358227755152324, -1.7762517567909697e-08, 0.9999999999999993, -1.7841667587781274e-08, -0.009773110327894309, 0.0, 0.0, 0.0, 1.0], "fov": 75.0, "aspect": 1.0}, {"camera_to_world": [0.0003950144778512299, -1.7799977991561633e-08, -0.999999921981778, -0.3498310829666359, -0.9999999219817779, -1.7767984583638707e-08, -0.00039501447785095234, -0.3133454867801651, -1.776095193140037e-08, 0.9999999999999997, -1.780699526721108e-08, -0.009773110333359116, 0.0, 0.0, 0.0, 1.0], "fov": 75.0, "aspect": 1.0}, {"camera_to_world": [-0.0014661966266913407, -1.7799959228792517e-08, -0.999998925133148, -0.33828149650738637, -0.999998925133148, -1.7733316481916006e-08, 0.0014661966266917847, -0.3130750394309811, -1.7759395676275602e-08, 0.9999999999999996, -1.777393954238704e-08, -0.009773110338101201, 0.0, 0.0, 0.0, 1.0], "fov": 75.0, "aspect": 1.0}, {"camera_to_world": [-0.00322515963171488, -1.779988223482576e-08, -0.9999947991591506, -0.326888506224135, -0.9999947991591506, -1.7700553134325503e-08, 0.0032251596317151576, -0.31276973348333453, -1.775786850899408e-08, 0.9999999999999998, -1.7742702640433095e-08, -0.009773110342094753, 0.0, 0.0, 0.0, 1.0], "fov": 75.0, "aspect": 1.0}, {"camera_to_world": [-0.004870510071504519, -1.7799758611491967e-08, -0.9999881389954797, -0.31565751198501973, -0.9999881389954797, -1.7669906315909145e-08, 0.004870510071505019, -0.3124283669165888, -1.7756390802148303e-08, 0.9999999999999996, -1.7713485900294756e-08, -0.009773110345313961, 0.0, 0.0, 0.0, 1.0], "fov": 75.0, "aspect": 1.0}, {"camera_to_world": [-0.006390885565561999, -1.7799599405510236e-08, -0.9999795780823162, -0.3045939136581783, -0.9999795780823162, -1.7641587191086217e-08, 0.006390885565562554, -0.3120497377101072, -1.7754982317708112e-08, 0.9999999999999996, -1.7686490272339483e-08, -0.009773110347733014, 0.0, 0.0, 0.0, 1.0], "fov": 75.0, "aspect": 1.0}, {"camera_to_world": [-0.007774925720475001, -1.779941605217772e-08, -0.9999697748082392, -0.2937031111117486, -0.9999697748082392, -1.7615807257342908e-08, 0.00777492572047539, -0.3116326438432532, -1.775366392786637e-08, 0.9999999999999998, -1.7661916484890128e-08, -0.0097731103493261, 0.0, 0.0, 0.0, 1.0], "fov": 75.0, "aspect": 1.0}, {"camera_to_world": [-0.009011271920842168, -1.7799223317460644e-08, -0.9999593976649093, -0.2829905042138686, -0.9999593976649093, -1.7592778567276923e-08, 0.009011271920842556, -0.31117588329539003, -1.775245794810587e-08, 0.9999999999999996, -1.7639967264670986e-08, -0.009773110350067405, 0.0, 0.0, 0.0, 1.0], "fov": 75.0, "aspect": 1.0}, {"camera_to_world": [-0.010088567016122041, -1.7799031803988896e-08, -0.9999491091128392, -0.2724614928326762, -0.9999491091128392, -1.7572712396329848e-08, 0.010088567016122485, -0.31067825404588106, -1.775138491755257e-08, 0.9999999999999997, -1.762084245182649e-08, -0.009773110349931122, 0.0, 0.0, 0.0, 1.0], "fov": 75.0, "aspect": 1.0}, {"camera_to_world": [-0.010995454914983216, -1.7798853280126536e-08, -0.9999395481583936, -0.2621214768363091, -0.9999395481583936, -1.755582057505478e-08, 0.010995454914983604, -0.31013855407408975, -1.7750465763910483e-08, 0.9999999999999998, -1.76047431077464e-08, -0.009773110348891436, 0.0, 0.0, 0.0, 1.0], "fov": 75.0, "aspect": 1.0}, {"camera_to_world": [-0.011720580104199518, -1.7798700013837987e-08, -0.999931311641965, -0.2519758560929052, -0.999931311641965, -1.7542313712759494e-08, 0.011720580104199796, -0.30955558135937944, -1.774971986057139e-08, 0.9999999999999998, -1.7591871404043502e-08, -0.009773110346922537, 0.0, 0.0, 0.0, 1.0], "fov": 75.0, "aspect": 1.0}, {"camera_to_world": [-0.012252587114853775, -1.7798581275485503e-08, -0.999924934237062, -0.2420300304706025, -0.999924934237062, -1.7532404084086295e-08, 0.012252587114854108, -0.3089281338811134, -1.774916669194937e-08, 0.9999999999999997, -1.758242784699604e-08, -0.009773110343998616, 0.0, 0.0, 0.0, 1.0], "fov": 75.0, "aspect": 1.0}, {"camera_to_world": [-0.012580119964743175, -1.7798505558275224e-08, -0.9999208671598331, -0.23228939983753874, -0.9999208671598331, -1.7526303630610585e-08, 0.012580119964743453, -0.30825500961865504, -1.774882407712397e-08, 0.9999999999999998, -1.757661416412759e-08, -0.009773110340093857, 0.0, 0.0, 0.0, 1.0], "fov": 75.0, "aspect": 1.0}, {"camera_to_world": [-0.012691821612447307, -1.779847924598954e-08, -0.9999194555883777, -0.22275936406185184, -0.9999194555883778, -1.7524223072662437e-08, 0.012691821612447418, -0.3075350065513678, -1.7748706560016814e-08, 0.9999999999999998, -1.7574631527850215e-08, -0.00977311033518245, 0.0, 0.0, 0.0, 1.0], "fov": 75.0, "aspect": 1.0}, {"camera_to_world": [-0.012576333465454725, -1.7798506612987097e-08, -0.9999209147910476, -0.21344532301167968, -0.9999209147910475, -1.752637424079495e-08, 0.012576333465454947, -0.3067669226586149, -1.774882807392686e-08, 0.9999999999999998, -1.7576681554665186e-08, -0.009773110329238586, 0.0, 0.0, 0.0, 1.0], "fov": 75.0, "aspect": 1.0}, {"camera_to_world": [-0.012222294992426996, -1.7798587992334802e-08, -0.9999253049628846, -0.20435267655516015, -0.9999253049628847, -1.7532968521472014e-08, 0.012222294992427385, -0.3059495559197598, -1.7749198555350176e-08, 0.9999999999999998, -1.758296530596226e-08, -0.00977311032223645, 0.0, 0.0, 0.0, 1.0], "fov": 75.0, "aspect": 1.0}, {"camera_to_world": [-0.011618343496812567, -1.7798722162787328e-08, -0.9999325047693917, -0.19548682456043104, -0.9999325047693916, -1.7544217745246726e-08, 0.011618343496813177, -0.3050817043141658, -1.774982544278103e-08, 0.9999999999999996, -1.7593685841532647e-08, -0.009773110314150232, 0.0, 0.0, 0.0, 1.0], "fov": 75.0, "aspect": 1.0}, {"camera_to_world": [-0.010753114118152607, -1.779890262953998e-08, -0.9999421835970128, -0.18685316689563025, -0.9999421835970128, -1.7560334408806e-08, 0.010753114118152607, -0.3041621658211963, -1.7750712510977706e-08, 0.9999999999999999, -1.760904555503373e-08, -0.00977311030495412, 0.0, 0.0, 0.0, 1.0], "fov": 75.0, "aspect": 1.0}, {"camera_to_world": [-0.009615240135158798, -1.7799118234851363e-08, -0.9999537725100811, -0.17845710342889562, -0.9999537725100811, -1.75815287883907e-08, 0.009615240135159131, -0.3031897384202147, -1.7751858927272934e-08, 0.9999999999999997, -1.762924484172146e-08, -0.009773110294622304, 0.0, 0.0, 0.0, 1.0], "fov": 75.0, "aspect": 1.0}, {"camera_to_world": [-0.008193353654261548, -1.7799354101732945e-08, -0.999966433914607, -0.17030403402836508, -0.999966433914607, -1.760801349171004e-08, 0.00819335365426177, -0.3021632200905843, -1.7753258696462382e-08, 0.9999999999999998, -1.7654488093654663e-08, -0.009773110283128971, 0.0, 0.0, 0.0, 1.0], "fov": 75.0, "aspect": 1.0}, {"camera_to_world": [-0.006476086776625589, -1.7799588913902653e-08, -0.9999790299301587, -0.1623993585621765, -0.9999790299301587, -1.7640000127272515e-08, 0.006476086776625867, -0.3010814088116684, -1.7754901882049978e-08, 0.9999999999999998, -1.768497748244613e-08, -0.009773110270448311, 0.0, 0.0, 0.0, 1.0], "fov": 75.0, "aspect": 1.0}, {"camera_to_world": [-0.004452073346319696, -1.779979480476257e-08, -0.9999900894723501, -0.1547484768984677, -0.9999900894723501, -1.767770030358662e-08, 0.0044520733463199735, -0.29994310256283047, -1.7756770998023086e-08, 0.9999999999999998, -1.772091606788706e-08, -0.009773110256554512, 0.0, 0.0, 0.0, 1.0], "fov": 75.0, "aspect": 1.0}, {"camera_to_world": [-0.0021099513928201086, -1.779993774597699e-08, -0.9999977740500822, -0.14735678890537646, -0.9999977740500822, -1.7721325629160845e-08, 0.0021099513928205527, -0.29874709932343385, -1.77588432848097e-08, 0.9999999999999994, -1.7762506798746358e-08, -0.00977311024142176, 0.0, 0.0, 0.0, 1.0], "fov": 75.0, "aspect": 1.0}, {"camera_to_world": [0.0005616336084813267, -1.7799976270715945e-08, -0.9999998422838323, -0.1402296944510409, -0.9999998422838322, -1.7771088101081745e-08, -0.0005616336084809381, -0.29749219707284186, -1.7761088322298946e-08, 0.9999999999999997, -1.780995423361631e-08, -0.009773110225024247, 0.0, 0.0, 0.0, 1.0], "fov": 75.0, "aspect": 1.0}, {"camera_to_world": [0.0035740245229287093, -1.7799860418943325e-08, -0.9999936131539587, -0.1333725934035987, -0.9999936131539588, -1.7827198439679393e-08, -0.0035740245229285428, -0.2961771937904179, -1.7763467363707264e-08, 0.9999999999999998, -1.7863461598821573e-08, -0.00977311020733616, 0.0, 0.0, 0.0, 1.0], "fov": 75.0, "aspect": 1.0}, {"camera_to_world": [0.006938547244328297, -1.7799531626394582e-08, -0.999975927991338, -0.1267908856311878, -0.9999759279913379, -1.7889866921194653e-08, -0.006938547244327742, -0.2948008874555253, -1.7765933557623015e-08, 0.9999999999999996, -1.7923232620287166e-08, -0.009773110188331689, 0.0, 0.0, 0.0, 1.0], "fov": 75.0, "aspect": 1.0}, {"camera_to_world": [0.010666504125641685, -1.779892011555262e-08, -0.9999431112267022, -0.12048997100194594, -0.9999431112267022, -1.7959305542714077e-08, -0.01066650412564113, -0.2933620760475274, -1.7768431836984178e-08, 0.9999999999999996, -1.7989470302293142e-08, -0.00977311016798502, 0.0, 0.0, 0.0, 1.0], "fov": 75.0, "aspect": 1.0}, {"camera_to_world": [0.014769165982692567, -1.779794767120535e-08, -0.9998909299199463, -0.11447524938401119, -0.9998909299199462, -1.8035724080878168e-08, -0.014769165982692012, -0.29185955754578763, -1.7770896365565392e-08, 0.9999999999999993, -1.806237881485373e-08, -0.009773110146270343, 0.0, 0.0, 0.0, 1.0], "fov": 75.0, "aspect": 1.0}, {"camera_to_world": [0.019257762488231633, -1.7796525419999654e-08, -0.9998145520965109, -0.10875212064552127, -0.9998145520965109, -1.811933103557095e-08, -0.019257762488231356, -0.29029212992966935, -1.7773249483266085e-08, 0.9999999999999998, -1.814216288309467e-08, -0.009773110123161849, 0.0, 0.0, 0.0, 1.0], "fov": 75.0, "aspect": 1.0}, {"camera_to_world": [0.024143470761229635, -1.779454961159388e-08, -0.9997085039248197, -0.1033259846546141, -0.9997085039248197, -1.8210334185031485e-08, -0.024143470761229302, -0.2886585911785358, -1.777540381553422e-08, 0.9999999999999996, -1.8229023235338815e-08, -0.00977311009863372, 0.0, 0.0, 0.0, 1.0], "fov": 75.0, "aspect": 1.0}, {"camera_to_world": [0.02943740194307115, -1.7791906670172608e-08, -0.9995666257768119, -0.0982022412794275, -0.9995666257768119, -1.8308941307498827e-08, -0.029437401943070485, -0.2869577392717505, -1.777725949780873e-08, 0.9999999999999993, -1.832316343097773e-08, -0.00977311007266015, 0.0, 0.0, 0.0, 1.0], "fov": 75.0, "aspect": 1.0}, {"camera_to_world": [0.03515058553937178, -1.7788468920088008e-08, -0.9993820272229428, -0.09338629038809941, -0.9993820272229428, -1.8415357017076417e-08, -0.03515058553937128, -0.28518837218867665, -1.777870184405117e-08, 0.9999999999999996, -1.842478664082492e-08, -0.009773110045215326, 0.0, 0.0, 0.0, 1.0], "fov": 75.0, "aspect": 1.0}, {"camera_to_world": [0.04129395129268437, -1.7784091643768818e-08, -0.9991470410238111, -0.08888353184876766, -0.9991470410238111, -1.8529786538490356e-08, -0.041293951292684206, -0.28334928790867775, -1.777960578763782e-08, 0.9999999999999998, -1.8534090762134525e-08, -0.009773110016273437, 0.0, 0.0, 0.0, 1.0], "fov": 75.0, "aspect": 1.0}, {"camera_to_world": [0.04787830833805706, -1.7778618244257416e-08, -0.9988531761929206, -0.08469936552957012, -0.9988531761929206, -1.8652429711885077e-08, -0.047878308338056674, -0.28143928441111704, -1.777982849837656e-08, 0.9999999999999996, -1.865127607914019e-08, -0.00977310998580867, 0.0, 0.0, 0.0, 1.0], "fov": 75.0, "aspect": 1.0}, {"camera_to_world": [0.05558888087344055, -1.7771177862613285e-08, -0.9984537427058093, -0.08053033841254471, -0.9984537427058093, -1.8796050327285485e-08, -0.055588880873440494, -0.2792681511230318, -1.777910663136595e-08, 0.9999999999999999, -1.878855071524299e-08, -0.009773109950693562, 0.0, 0.0, 0.0, 1.0], "fov": 75.0, "aspect": 1.0}, {"camera_to_world": [0.06506364431193318, -1.7760512172060317e-08, -0.9978811162602739, -0.07607752311915796, -0.9978811162602739, -1.8972531712346807e-08, -0.06506364431193296, -0.2766557240368194, -1.7776767391453063e-08, 0.9999999999999998, -1.8957301894939604e-08, -0.009773109907975343, 0.0, 0.0, 0.0, 1.0], "fov": 75.0, "aspect": 1.0}, {"camera_to_world": [0.07624148107213241, -1.7745764913090767e-08, -0.9970893824346578, -0.07135310797669069, -0.9970893824346578, -1.9180735166823837e-08, -0.07624148107213213, -0.27361587097988327, -1.7771943860989126e-08, 0.9999999999999998, -1.9156481512183632e-08, -0.00977310985789024, 0.0, 0.0, 0.0, 1.0], "fov": 75.0, "aspect": 1.0}, {"camera_to_world": [0.08905975201194816, -1.77259629197124e-08, -0.996026285080655, -0.06636928131242395, -0.996026285080655, -1.941949412387345e-08, -0.08905975201194799, -0.2701624597796273, -1.776365654571066e-08, 0.9999999999999998, -1.938502047771351e-08, -0.009773109800674484, 0.0, 0.0, 0.0, 1.0], "fov": 75.0, "aspect": 1.0}, {"camera_to_world": [0.10345396511486193, -1.7700034160572642e-08, -0.9946342428762509, -0.06113823145363858, -0.9946342428762509, -1.968760698911609e-08, -0.10345396511486177, -0.26630935826345503, -1.7750829084395292e-08, 0.9999999999999998, -1.9641821280558247e-08, -0.009773109736564296, 0.0, 0.0, 0.0, 1.0], "fov": 75.0, "aspect": 1.0}, {"camera_to_world": [0.11935744351688649, -1.766682539150466e-08, -0.992851348731074, -0.055672146727615404, -0.992851348731074, -1.9983832144632174e-08, -0.11935744351688587, -0.26207043425877, -1.773230767776468e-08, 0.9999999999999996, -1.992575043852085e-08, -0.00977310966579591, 0.0, 0.0, 0.0, 1.0], "fov": 75.0, "aspect": 1.0}, {"camera_to_world": [0.13670100658101436, -1.762512052971843e-08, -0.9906123534459568, -0.04998321546163544, -0.9906123534459568, -2.0306881287623924e-08, -0.1367010065810142, -0.25745955559297606, -1.770687568791729e-08, 0.9999999999999998, -2.0235633335641268e-08, -0.009773109588605552, 0.0, 0.0, 0.0, 1.0], "fov": 75.0, "aspect": 1.0}, {"camera_to_world": [0.1554126763684266, -1.7573661303948995e-08, -0.9878496343189092, -0.04408362598297953, -0.9878496343189092, -2.0655413379699894e-08, -0.15541267636842632, -0.25249059009347674, -1.7673272734164414e-08, 0.9999999999999998, -2.0570248004947445e-08, -0.00977310950522945, 0.0, 0.0, 0.0, 1.0], "fov": 75.0, "aspect": 1.0}, {"camera_to_world": [0.1754174205205304, -1.7511160466110454e-08, -0.9844941485747505, -0.037985566618928615, -0.9844941485747505, -2.102803059456093e-08, -0.17541742052053005, -0.24717740558767565, -1.763021056921943e-08, 0.9999999999999996, -2.0928317912005667e-08, -0.009773109415903833, 0.0, 0.0, 0.0, 1.0], "fov": 75.0, "aspect": 1.0}, {"camera_to_world": [0.1966369412401498, -1.7436323662689546e-08, -0.9804763706177309, -0.03170122569676345, -0.9804763706177309, -2.14232750983534e-08, -0.19663694124014947, -0.2415338699029764, -1.757638962152086e-08, 0.9999999999999998, -2.1308510678164083e-08, -0.009773109320864929, 0.0, 0.0, 0.0, 1.0], "fov": 75.0, "aspect": 1.0}, {"camera_to_world": [0.2189895187325338, -1.734786359008922e-08, -0.9757272112046959, -0.02524279154376514, -0.9757272112046959, -2.1839624220199028e-08, -0.21898951873253353, -0.23557385086678276, -1.7510515259999693e-08, 0.9999999999999998, -2.1709431419214553e-08, -0.009773109220348965, 0.0, 0.0, 0.0, 1.0], "fov": 75.0, "aspect": 1.0}, {"camera_to_world": [0.24238991612880995, -1.724451870188659e-08, -0.9701789157465073, -0.018622452487214478, -0.9701789157465073, -2.227549084077296e-08, -0.24238991612880967, -0.2293112163064983, -1.743131394782438e-08, 0.9999999999999998, -2.2129622911926106e-08, -0.009773109114592168, 0.0, 0.0, 0.0, 1.0], "fov": 75.0, "aspect": 1.0}, {"camera_to_world": [0.2667493515605191, -1.7125067419687667e-08, -0.9637659381001398, -0.011852396854392289, -0.9637659381001398, -2.2729220117145843e-08, -0.2667493515605186, -0.22275983404952657, -1.7337547564277855e-08, 0.9999999999999996, -2.256756131968629e-08, -0.009773109003830768, 0.0, 0.0, 0.0, 1.0], "fov": 75.0, "aspect": 1.0}, {"camera_to_world": [0.29197554168187284, -1.6988346562829548e-08, -0.9564257854426431, -0.004944812972579654, -0.956425785442643, -2.319909492287664e-08, -0.29197554168187245, -0.2159335719232714, -1.7228030779747883e-08, 0.9999999999999997, -2.3021661132993643e-08, -0.009773108888300994, 0.0, 0.0, 0.0, 1.0], "fov": 75.0, "aspect": 1.0}, {"camera_to_world": [0.31797281954793744, -1.6833263449811398e-08, -0.9480998291470866, 0.0020881108309426244, -0.9480998291470866, -2.3683331962232046e-08, -0.31797281954793716, -0.20884629775513633, -1.7101642491024194e-08, 0.9999999999999998, -2.3490270228965215e-08, -0.009773108768239069, 0.0, 0.0, 0.0, 1.0], "fov": 75.0, "aspect": 1.0}, {"camera_to_world": [0.3446423283572141, -1.6658812995729022e-08, -0.9387340760324607, 0.009234186228893743, -0.9387340760324608, -2.4180090152370326e-08, -0.34464232835721376, -0.20151187937252485, -1.6957342474643866e-08, 0.9999999999999996, -2.3971678031475818e-08, -0.009773108643881227, 0.0, 0.0, 0.0, 1.0], "fov": 75.0, "aspect": 1.0}, {"camera_to_world": [0.3718822911647766, -1.6464088814505118e-08, -0.9282798939533463, 0.01648122489399261, -0.9282798939533463, -2.4687474342588445e-08, -0.371882291164776, -0.19394418460284085, -1.679418309974423e-08, 0.9999999999999994, -2.44641171209814e-08, -0.009773108515463692, 0.0, 0.0, 0.0, 1.0], "fov": 75.0, "aspect": 1.0}, {"camera_to_world": [0.39958835527907055, -1.624829726321053e-08, -0.9166946854462324, 0.023817038498958415, -0.9166946854462324, -2.5203539366636107e-08, -0.39958835527907005, -0.1861570812734879, -1.6611320208248515e-08, 0.9999999999999996, -2.4965768563589563e-08, -0.009773108383222696, 0.0, 0.0, 0.0, 1.0], "fov": 75.0, "aspect": 1.0}, {"camera_to_world": [0.4276540086864927, -1.6010769321450624e-08, -0.9039425030688473, 0.03122943871651025, -0.9039425030688473, -2.5726303309880905e-08, -0.42765400868649217, -0.17816443721186961, -1.640802937963315e-08, 0.9999999999999996, -2.5474771569999888e-08, -0.009773108247394463, 0.0, 0.0, 0.0, 1.0], "fov": 75.0, "aspect": 1.0}, {"camera_to_world": [0.4559710645199152, -1.575096919559371e-08, -0.8899946001637173, 0.03870623721936734, -0.8899946001637173, -2.625374917464285e-08, -0.45597106451991487, -0.1699801202453895, -1.6183708706485334e-08, 0.9999999999999996, -2.598922749230681e-08, -0.00977310810821522, 0.0, 0.0, 0.0, 1.0], "fov": 75.0, "aspect": 1.0}, {"camera_to_world": [0.484430208319365, -1.5468505143445554e-08, -0.8748299110499461, 0.04623524568024858, -0.8748299110499461, -2.6783842144162406e-08, -0.4844302083193646, -0.16161799820145145, -1.5937895003759195e-08, 0.9999999999999998, -2.6507213257698226e-08, -0.0097731079659212, 0.0, 0.0, 0.0, 1.0], "fov": 75.0, "aspect": 1.0}, {"camera_to_world": [0.5129216016448862, -1.5163134747808726e-08, -0.8584354550960978, 0.053804275771873133, -0.8584354550960978, -2.7314536188427496e-08, -0.5129216016448859, -0.15309193890745898, -1.5670266806377953e-08, 0.9999999999999996, -2.7026788224082665e-08, -0.009773107820748628, 0.0, 0.0, 0.0, 1.0], "fov": 75.0, "aspect": 1.0}, {"camera_to_world": [0.5413355345136481, -1.4834772521510331e-08, -0.8408066597457604, 0.061401139166960175, -0.8408066597457603, -2.7843786859493846e-08, -0.5413355345136477, -0.14441581019081567, -1.5380651807728185e-08, 0.9999999999999996, -2.7546006836631776e-08, -0.009773107672933733, 0.0, 0.0, 0.0, 1.0], "fov": 75.0, "aspect": 1.0}, {"camera_to_world": [0.569563118165531, -1.4483495069939067e-08, -0.8219475983452699, 0.06901364753822872, -0.8219475983452699, -2.8369565974184496e-08, -0.5695631181655302, -0.13560347987892526, -1.5069032133219196e-08, 0.9999999999999992, -2.8062932339034674e-08, -0.00977310752271274, 0.0, 0.0, 0.0, 1.0], "fov": 75.0, "aspect": 1.0}, {"camera_to_world": [0.5974970088326637, -1.4109541923712499e-08, -0.8018711395455131, 0.07662961255839792, -0.8018711395455131, -2.8889875491877604e-08, -0.5974970088326631, -0.12666881579919137, -1.473554828157475e-08, 0.9999999999999994, -2.857564865288431e-08, -0.009773107370321884, 0.0, 0.0, 0.0, 1.0], "fov": 75.0, "aspect": 1.0}, {"camera_to_world": [0.6250321525158353, -1.3713317592589647e-08, -0.7805990060981511, 0.08423684590018697, -0.7805990060981511, -2.940275742324694e-08, -0.6250321525158349, -0.1176256857790174, -1.438049873625502e-08, 0.9999999999999996, -2.9082270869285054e-08, -0.009773107215997385, 0.0, 0.0, 0.0, 1.0], "fov": 75.0, "aspect": 1.0}, {"camera_to_world": [0.6520665402690262, -1.329539101035948e-08, -0.7581617420191962, 0.09182315923631476, -0.7581617420191962, -2.990631184363046e-08, -0.6520665402690258, -0.1084879576458074, -1.4004341852835722e-08, 0.9999999999999996, -2.9580962096487085e-08, -0.009773107059975474, 0.0, 0.0, 0.0, 1.0], "fov": 75.0, "aspect": 1.0}, {"camera_to_world": [0.6785019631741819, -1.2856493203372565e-08, -0.7345985883247945, 0.0993763642395005, -0.7345985883247945, -3.039871029897334e-08, -0.6785019631741813, -0.09926949922696482, -1.3607693860606673e-08, 0.9999999999999993, -3.0069946338473486e-08, -0.00977310690249238, 0.0, 0.0, 0.0, 1.0], "fov": 75.0, "aspect": 1.0}, {"camera_to_world": [0.704244756059788, -1.2397512516582054e-08, -0.7099572688284059, 0.10688427258246339, -0.7099572688284059, -3.0878206963569355e-08, -0.7042447560597874, -0.08998417834989314, -1.3191324310657393e-08, 0.9999999999999994, -3.0547519486168184e-08, -0.009773106743784331, 0.0, 0.0, 0.0, 1.0], "fov": 75.0, "aspect": 1.0}, {"camera_to_world": [0.7292065190829518, -1.1919491338385768e-08, -0.6842936887966486, 0.1143346959379223, -0.6842936887966486, -3.134315634811813e-08, -0.7292065190829513, -0.08064586284199629, -1.2756153189297237e-08, 0.9999999999999996, -3.101206666467071e-08, -0.009773106584087555, 0.0, 0.0, 0.0, 1.0], "fov": 75.0, "aspect": 1.0}, {"camera_to_world": [0.7533048065553962, -1.1423615442485158e-08, -0.6576715505634534, 0.12171544597859647, -0.6576715505634534, -3.17920216541534e-08, -0.7533048065553958, -0.07126842053067786, -1.2303243701605737e-08, 0.9999999999999996, -3.146206961623932e-08, -0.009773106423638277, 0.0, 0.0, 0.0, 1.0], "fov": 75.0, "aspect": 1.0}, {"camera_to_world": [0.7764637728444369, -1.0911208270236727e-08, -0.6301618914693133, 0.12901433437720508, -0.6301618914693133, -3.222339133024388e-08, -0.7764637728444364, -0.061865719243341145, -1.1833795277027548e-08, 0.9999999999999996, -3.18961236311921e-08, -0.009773106262672731, 0.0, 0.0, 0.0, 1.0], "fov": 75.0, "aspect": 1.0}, {"camera_to_world": [0.798614765811671, -1.038371938433258e-08, -0.6018425506954204, 0.13621917280646692, -0.6018425506954204, -3.263598588598704e-08, -0.7986147658116707, -0.05245162680739037, -1.1349133355320618e-08, 0.9999999999999996, -3.231294438965637e-08, -0.00977310610142714, 0.0, 0.0, 0.0, 1.0], "fov": 75.0, "aspect": 1.0}, {"camera_to_world": [0.8196968590515024, -9.842714532304342e-09, -0.572797572673891, 0.14331777293910153, -0.572797572673891, -3.302866999344012e-08, -0.8196968590515019, -0.04304001105022859, -1.0850699672104724e-08, 0.9999999999999996, -3.271138007687746e-08, -0.009773105940137732, 0.0, 0.0, 0.0, 1.0], "fov": 75.0, "aspect": 1.0}, {"camera_to_world": [0.8396573151413507, -9.28986249038033e-09, -0.5431165557498856, 0.1502979464478278, -0.5431165557498856, -3.34004629509721e-08, -0.8396573151413504, -0.03364473979925966, -1.0340043210543826e-08, 0.9999999999999998, -3.309042123644801e-08, -0.009773105779040737, 0.0, 0.0, 0.0, 1.0], "fov": 75.0, "aspect": 1.0}, {"camera_to_world": [0.8584519731945676, -8.726922628987666e-09, -0.5128939556266514, 0.15714750500536462, -0.5128939556266513, -3.37505400710425e-08, -0.858451973194567, -0.024279680881887523, -9.818804047601049e-09, 0.9999999999999996, -3.344920358749892e-08, -0.009773105618372383, 0.0, 0.0, 0.0, 1.0], "fov": 75.0, "aspect": 1.0}, {"camera_to_world": [0.8760455551914561, -8.155731284764656e-09, -0.48222835382139584, 0.16385426028443142, -0.48222835382139584, -3.407824596818321e-08, -0.8760455551914554, -0.01495870212551531, -9.288704333476616e-09, 0.9999999999999993, -3.378702077144746e-08, -0.009773105458368899, 0.0, 0.0, 0.0, 1.0], "fov": 75.0, "aspect": 1.0}, {"camera_to_world": [0.8924118868267509, -7.578187577461648e-09, -0.45122170188314126, 0.17040602395774712, -0.4512217018831412, -3.43830930324418e-08, -0.8924118868267503, -0.005695671357547028, -8.751533026041258e-09, 0.9999999999999996, -3.410332363035229e-08, -0.009773105299266508, 0.0, 0.0, 0.0, 1.0], "fov": 75.0, "aspect": 1.0}, {"camera_to_world": [0.9075340299248605, -6.996238560708079e-09, -0.41997855246231613, 0.17679060769803084, -0.4199785524623161, -3.466476476005065e-08, -0.9075340299248599, 0.0034955435946137036, -8.209133095515853e-09, 0.9999999999999994, -3.439772381513828e-08, -0.009773105141301445, 0.0, 0.0, 0.0, 1.0], "fov": 75.0, "aspect": 1.0}, {"camera_to_world": [0.9214043248073611, -6.411865954847329e-09, -0.38860528846927805, 0.18299582317800178, -0.388605288469278, -3.4923119264507196e-08, -0.9214043248073607, 0.012601074903563525, -7.66338775770592e-09, 0.9999999999999996, -3.46699981570997e-08, -0.009773104984709933, 0.0, 0.0, 0.0, 1.0], "fov": 75.0, "aspect": 1.0}, {"camera_to_world": [0.9340243423205832, -5.827071380970494e-09, -0.35720936151310767, 0.18900948207037885, -0.3572093615131076, -3.515818592508824e-08, -0.9340243423205826, 0.02160705474189837, -7.1162066517249656e-09, 0.9999999999999994, -3.4920085927037103e-08, -0.009773104829728202, 0.0, 0.0, 0.0, 1.0], "fov": 75.0, "aspect": 1.0}, {"camera_to_world": [0.9454047465149349, -5.24386198352822e-09, -0.32589855057522377, 0.19481939604788137, -0.32589855057522377, -3.537016169535834e-08, -0.9454047465149341, 0.030499615282215054, -6.569512434051461e-09, 0.9999999999999992, -3.514808577520512e-08, -0.00977310